service_id,monday,tuesday,wednesday,thursday,friday,saturday,sunday,start_date,end_date
CALEND-021-Καθημερινή-06,1,1,1,1,1,0,0,20161201,20170630
CALEND-021-Κυριακή-05,0,0,0,0,0,0,1,20161204,20170625
CALEND-021-Σάββατο-06,0,0,0,0,0,1,0,20161203,20170701
CALEND-022-Καθημερινή-06,1,1,1,1,1,0,0,20161201,20170630
CALEND-022-Κυριακή-05,0,0,0,0,0,0,1,20161204,20170625
CALEND-022-Σάββατο-05,0,0,0,0,0,1,0,20161203,20170701
CALEND-024-Καθημερινή-11,1,1,1,1,1,0,0,20161201,20170630
CALEND-024-Κυριακή-10,0,0,0,0,0,0,1,20161204,20170625
CALEND-024-Σάββατο-11,0,0,0,0,0,1,0,20161203,20170701
CALEND-025-026-Καθημερινή-07,1,1,1,1,1,0,0,20161201,20170630
CALEND-025-026-Κυριακή-05,0,0,0,0,0,0,1,20161204,20170625
CALEND-025-026-Σάββατο-06,0,0,0,0,0,1,0,20161203,20170701
CALEND-035-Καθημερινή-04,1,1,1,1,1,0,0,20161201,20170630
CALEND-035-Κυριακή-03,0,0,0,0,0,0,1,20161204,20170625
CALEND-035-Σάββατο-04,0,0,0,0,0,1,0,20161203,20170701
CALEND-036-Καθημερινή-12,1,1,1,1,1,0,0,20161201,20170630
CALEND-036-Κυριακή-08,0,0,0,0,0,0,1,20161204,20170625
CALEND-036-Σάββατο-09,0,0,0,0,0,1,0,20161203,20170701
CALEND-040-Καθημερινή-11,1,1,1,1,1,0,0,20161201,20170630
CALEND-040-Κυριακή-07,0,0,0,0,0,0,1,20161204,20170625
CALEND-040-Σάββατο-07,0,0,0,0,0,1,0,20161203,20170701
CALEND-046-Καθημερινή-07,1,1,1,1,1,0,0,20161201,20170630
CALEND-046-Κυριακή-07,0,0,0,0,0,0,1,20161204,20170625
CALEND-046-Σάββατο-06,0,0,0,0,0,1,0,20161203,20170701
CALEND-049-Καθημερινή-13,1,1,1,1,1,0,0,20161201,20170630
CALEND-049-Κυριακή-12,0,0,0,0,0,0,1,20161204,20170625
CALEND-049-Σάββατο-06,0,0,0,0,0,1,0,20161203,20170701
CALEND-051-Καθημερινή-06,1,1,1,1,1,0,0,20161201,20170629
CALEND-051-Κυριακή-07,0,0,0,0,0,0,1,20161204,20170625
CALEND-051-Παρασκευή-05,0,0,0,0,1,0,0,20161202,20170630
CALEND-051-Σάββατο-04,0,0,0,0,0,1,0,20161203,20170701
CALEND-054-Καθημερινή-10,1,1,1,1,1,0,0,20161201,20170630
CALEND-054-Κυριακή-14,0,0,0,0,0,0,1,20161204,20170625
CALEND-054-Σάββατο-13,0,0,0,0,0,1,0,20161203,20170701
CALEND-057-Καθημερινή-11,1,1,1,1,1,0,0,20161201,20170630
CALEND-057-Κυριακή-09,0,0,0,0,0,0,1,20161204,20170625
CALEND-057-Σάββατο-09,0,0,0,0,0,1,0,20161203,20170701
CALEND-060-Καθημερινή-02,1,1,1,1,1,0,0,20161201,20170630
CALEND-060-Σάββατο-02,0,0,0,0,0,1,0,20161203,20170701
CALEND-100-Δευ-Τετ-09,1,1,1,0,0,0,0,20161205,20170628
CALEND-100-Σάββατο-08,0,0,0,0,0,1,0,20161203,20170701
CALEND-100-Τρι-Πεμ-Παρ-09,0,1,0,1,1,0,0,20161201,20170630
CALEND-101-Καθημερινή-03,1,1,1,1,1,0,0,20161201,20170630
CALEND-101-Κυριακή-02,0,0,0,0,0,0,1,20161204,20170625
CALEND-101-Σάββατο-03,0,0,0,0,0,1,0,20161203,20170701
CALEND-106-126-Καθημερινή-11,1,1,1,1,1,0,0,20161201,20170630
CALEND-106-126-Κυριακή-09,0,0,0,0,0,0,1,20161204,20170625
CALEND-106-126-Σάββατο-11,0,0,0,0,0,1,0,20161203,20170701
CALEND-109-Καθημερινή-10,1,1,1,1,1,0,0,20161201,20170630
CALEND-109-Κυριακή-06,0,0,0,0,0,0,1,20161204,20170625
CALEND-109-Σάββατο-08,0,0,0,0,0,1,0,20161203,20170701
CALEND-112-Καθημερινή-06,1,1,1,1,1,0,0,20161201,20170630
CALEND-112-Κυριακή-04,0,0,0,0,0,0,1,20161204,20170625
CALEND-112-Σάββατο-07,0,0,0,0,0,1,0,20161203,20170701
CALEND-120-Καθημερινή-14,1,1,1,1,1,0,0,20161201,20170630
CALEND-120-Κυριακή-09,0,0,0,0,0,0,1,20161204,20170625
CALEND-120-Σάββατο-09,0,0,0,0,0,1,0,20161203,20170701
CALEND-122-Καθημερινή-03,1,1,1,1,1,0,0,20161201,20170630
CALEND-122-Κυριακή-01,0,0,0,0,0,0,1,20161204,20170625
CALEND-122-Σάββατο-02,0,0,0,0,0,1,0,20161203,20170701
CALEND-123-7-ημέρες-02,1,1,1,1,1,1,1,20161201,20170701
CALEND-130-Καθημερινή-02,1,1,1,1,1,0,0,20161201,20170630
CALEND-130-Κυριακή-01,0,0,0,0,0,0,1,20161204,20170625
CALEND-130-Σάββατο-01,0,0,0,0,0,1,0,20161203,20170701
CALEND-131-Καθημερινή-12,1,1,1,1,1,0,0,20161201,20170630
CALEND-131-Κυριακή-11,0,0,0,0,0,0,1,20161204,20170625
CALEND-131-Σάββατο-10,0,0,0,0,0,1,0,20161203,20170701
CALEND-136-137-Καθημερινή-03,1,1,1,1,1,0,0,20161201,20170630
CALEND-136-137-Κυριακή-05,0,0,0,0,0,0,1,20161204,20170625
CALEND-136-137-Σάββατο-03,0,0,0,0,0,1,0,20161203,20170701
CALEND-140-Καθημερινή-04,1,1,1,1,1,0,0,20161201,20170630
CALEND-140-Κυριακή-06,0,0,0,0,0,0,1,20161204,20170625
CALEND-140-Σάββατο-06,0,0,0,0,0,1,0,20161203,20170701
CALEND-141-Καθημερινή-06,1,1,1,1,1,0,0,20161201,20170630
CALEND-141-Κυριακή-06,0,0,0,0,0,0,1,20161204,20170625
CALEND-141-Σάββατο-06,0,0,0,0,0,1,0,20161203,20170701
CALEND-142-Δευ-Σαβ-01,1,1,1,1,1,1,0,20161201,20170701
CALEND-154-Καθημερινή-07,1,1,1,1,1,0,0,20161201,20170630
CALEND-154-Κυριακή-06,0,0,0,0,0,0,1,20161204,20170625
CALEND-154-Σάββατο-07,0,0,0,0,0,1,0,20161203,20170701
CALEND-155-Καθημερινή-16,1,1,1,1,1,0,0,20161201,20170630
CALEND-155-Κυριακή-08,0,0,0,0,0,0,1,20161204,20170625
CALEND-155-Σάββατο-08,0,0,0,0,0,1,0,20161203,20170701
CALEND-162-Δευ-Σαβ-02,1,1,1,1,1,1,0,20161201,20170701
CALEND-164-Καθημερινή-02,1,1,1,1,1,0,0,20161201,20170630
CALEND-164-Κυριακή-01,0,0,0,0,0,0,1,20161204,20170625
CALEND-164-Σάββατο-03,0,0,0,0,0,1,0,20161203,20170701
CALEND-165-Καθημερινή-03,1,1,1,1,1,0,0,20161201,20170630
CALEND-171-Καθημερινή-10,1,1,1,1,1,0,0,20161201,20170630
CALEND-171-Κυριακή-06,0,0,0,0,0,0,1,20161204,20170625
CALEND-171-Σάββατο-07,0,0,0,0,0,1,0,20161203,20170701
CALEND-201-Καθημερινή-07,1,1,1,1,1,0,0,20161201,20170630
CALEND-201-Κυριακή-06,0,0,0,0,0,0,1,20161204,20170625
CALEND-201-Σάββατο-06,0,0,0,0,0,1,0,20161203,20170701
CALEND-203-204-Καθημερινή-06,1,1,1,1,1,0,0,20161201,20170630
CALEND-203-204-Κυριακή-10,0,0,0,0,0,0,1,20161204,20170625
CALEND-203-204-Σάββατο-10,0,0,0,0,0,1,0,20161203,20170701
CALEND-206-Καθημερινή-14,1,1,1,1,1,0,0,20161201,20170630
CALEND-206-Κυριακή-12,0,0,0,0,0,0,1,20161204,20170625
CALEND-206-Σάββατο-08,0,0,0,0,0,1,0,20161203,20170701
CALEND-209-Καθημερινή-09,1,1,1,1,1,0,0,20161201,20170630
CALEND-209-Κυριακή-11,0,0,0,0,0,0,1,20161204,20170625
CALEND-209-Σάββατο-07,0,0,0,0,0,1,0,20161203,20170701
CALEND-212-Καθημερινή-09,1,1,1,1,1,0,0,20161201,20170630
CALEND-212-Κυριακή-05,0,0,0,0,0,0,1,20161204,20170625
CALEND-212-Σάββατο-07,0,0,0,0,0,1,0,20161203,20170701
CALEND-217-229-Καθημερινή-16,1,1,1,1,1,0,0,20161201,20170630
CALEND-217-229-Κυριακή-13,0,0,0,0,0,0,1,20161204,20170625
CALEND-217-229-Σάββατο-14,0,0,0,0,0,1,0,20161203,20170701
CALEND-218-Καθημερινή-03,1,1,1,1,1,0,0,20161201,20170630
CALEND-218-Κυριακή-03,0,0,0,0,0,0,1,20161204,20170625
CALEND-218-Σάββατο-03,0,0,0,0,0,1,0,20161203,20170701
CALEND-219-816-Καθημερινή-17,1,1,1,1,1,0,0,20161201,20170630
CALEND-219-816-Κυριακή-07,0,0,0,0,0,0,1,20161204,20170625
CALEND-219-816-Σάββατο-08,0,0,0,0,0,1,0,20161203,20170701
CALEND-220-221-Καθημερινή-10,1,1,1,1,1,0,0,20161201,20170630
CALEND-220-221-Κυριακή-04,0,0,0,0,0,0,1,20161204,20170625
CALEND-220-221-Σάββατο-10,0,0,0,0,0,1,0,20161203,20170701
CALEND-224-Καθημερινή-11,1,1,1,1,1,0,0,20161201,20170630
CALEND-224-Κυριακή-04,0,0,0,0,0,0,1,20161204,20170625
CALEND-224-Σάββατο-05,0,0,0,0,0,1,0,20161203,20170701
CALEND-227-Καθημερινή-14,1,1,1,1,1,0,0,20161201,20170630
CALEND-227-Κυριακή-06,0,0,0,0,0,0,1,20161204,20170625
CALEND-227-Σάββατο-08,0,0,0,0,0,1,0,20161203,20170701
CALEND-230-Καθημερινή-07,1,1,1,1,1,0,0,20161201,20170630
CALEND-230-Κυριακή-05,0,0,0,0,0,0,1,20161204,20170625
CALEND-230-Σάββατο-05,0,0,0,0,0,1,0,20161203,20170701
CALEND-235-Καθημερινή-09,1,1,1,1,1,0,0,20161201,20170630
CALEND-235-Κυριακή-13,0,0,0,0,0,0,1,20161204,20170625
CALEND-235-Σάββατο-13,0,0,0,0,0,1,0,20161203,20170701
CALEND-237-Καθημερινή-09,1,1,1,1,1,0,0,20161201,20170630
CALEND-237-Κυριακή-10,0,0,0,0,0,0,1,20161204,20170625
CALEND-237-Σάββατο-07,0,0,0,0,0,1,0,20161203,20170701
CALEND-242-Καθημερινή-14,1,1,1,1,1,0,0,20161201,20170629
CALEND-242-Παρασκευή-12,0,0,0,0,1,0,0,20161202,20170630
CALEND-250-Καθημερινή-13,1,1,1,1,1,0,0,20161201,20170630
CALEND-300-Καθημερινή-06,1,1,1,1,1,0,0,20161201,20170630
CALEND-300-Κυριακή-02,0,0,0,0,0,0,1,20161204,20170625
CALEND-300-Σάββατο-03,0,0,0,0,0,1,0,20161203,20170701
CALEND-301-324-Καθημερινή-01,1,1,1,1,1,0,0,20161201,20170630
CALEND-301-324-Κυριακή-01,0,0,0,0,0,0,1,20161204,20170625
CALEND-301-324-Σάββατο-01,0,0,0,0,0,1,0,20161203,20170701
CALEND-302-Καθημερινή-08,1,1,1,1,1,0,0,20161201,20170630
CALEND-302-Κυριακή-07,0,0,0,0,0,0,1,20161204,20170625
CALEND-302-Σάββατο-07,0,0,0,0,0,1,0,20161203,20170701
CALEND-304-305-Καθημερινή-11,1,1,1,1,1,0,0,20161201,20170630
CALEND-304-305-Κυριακή-07,0,0,0,0,0,0,1,20161204,20170625
CALEND-304-305-Σάββατο-10,0,0,0,0,0,1,0,20161203,20170701
CALEND-307-Καθημερινή-11,1,1,1,1,1,0,0,20161201,20170630
CALEND-307-Κυριακή-06,0,0,0,0,0,0,1,20161204,20170625
CALEND-307-Σάββατο-06,0,0,0,0,0,1,0,20161203,20170701
CALEND-309-Καθημερινή-09,1,1,1,1,1,0,0,20161201,20170630
CALEND-309-Κυριακή-09,0,0,0,0,0,0,1,20161204,20170625
CALEND-309-Σάββατο-07,0,0,0,0,0,1,0,20161203,20170701
CALEND-314-Καθημερινή-15,1,1,1,1,1,0,0,20161201,20170630
CALEND-314-Κυριακή-10,0,0,0,0,0,0,1,20161204,20170625
CALEND-314-Σάββατο-08,0,0,0,0,0,1,0,20161203,20170701
CALEND-319-Καθημερινή-10,1,1,1,1,1,0,0,20161201,20170630
CALEND-319-Κυριακή-10,0,0,0,0,0,0,1,20161204,20170625
CALEND-319-Σάββατο-12,0,0,0,0,0,1,0,20161203,20170701
CALEND-322-Καθημερινή-03,1,1,1,1,1,0,0,20161201,20170630
CALEND-322-Κυριακή-02,0,0,0,0,0,0,1,20161204,20170625
CALEND-322-Σάββατο-02,0,0,0,0,0,1,0,20161203,20170701
CALEND-323-7-ημέρες-03,1,1,1,1,1,1,1,20161201,20170701
CALEND-402-Καθημερινή-08,1,1,1,1,1,0,0,20161201,20170630
CALEND-402-Κυριακή-06,0,0,0,0,0,0,1,20161204,20170625
CALEND-402-Σάββατο-08,0,0,0,0,0,1,0,20161203,20170701
CALEND-404-Δευ-Σαβ-01,1,1,1,1,1,1,0,20161201,20170701
CALEND-405-Καθημερινή-10,1,1,1,1,1,0,0,20161201,20170630
CALEND-405-Κυριακή-08,0,0,0,0,0,0,1,20161204,20170625
CALEND-405-Σάββατο-11,0,0,0,0,0,1,0,20161203,20170701
CALEND-406-Καθημερινή-11,1,1,1,1,1,0,0,20161201,20170630
CALEND-406-Κυριακή-11,0,0,0,0,0,0,1,20161204,20170625
CALEND-406-Σάββατο-11,0,0,0,0,0,1,0,20161203,20170701
CALEND-407-Καθημερινή-11,1,1,1,1,1,0,0,20161201,20170630
CALEND-407-Κυριακή-08,0,0,0,0,0,0,1,20161204,20170625
CALEND-407-Σάββατο-09,0,0,0,0,0,1,0,20161203,20170701
CALEND-409-413-Καθημερινή-05,1,1,1,1,1,0,0,20161201,20170630
CALEND-409-413-Κυριακή-05,0,0,0,0,0,0,1,20161204,20170625
CALEND-409-413-Σάββατο-05,0,0,0,0,0,1,0,20161203,20170701
CALEND-410-Καθημερινή-08,1,1,1,1,1,0,0,20161201,20170630
CALEND-410-Κυριακή-06,0,0,0,0,0,0,1,20161204,20170625
CALEND-410-Σάββατο-06,0,0,0,0,0,1,0,20161203,20170701
CALEND-411-Καθημερινή-12,1,1,1,1,1,0,0,20161201,20170630
CALEND-411-Κυριακή-09,0,0,0,0,0,0,1,20161204,20170625
CALEND-411-Σάββατο-11,0,0,0,0,0,1,0,20161203,20170701
CALEND-416-Καθημερινή-07,1,1,1,1,1,0,0,20161201,20170630
CALEND-416-Κυριακή-05,0,0,0,0,0,0,1,20161204,20170625
CALEND-416-Σάββατο-05,0,0,0,0,0,1,0,20161203,20170701
CALEND-418-Καθημερινή-09,1,1,1,1,1,0,0,20161201,20170630
CALEND-418-Κυριακή-06,0,0,0,0,0,0,1,20161204,20170625
CALEND-418-Σάββατο-07,0,0,0,0,0,1,0,20161203,20170701
CALEND-420-Καθημερινή-08,1,1,1,1,1,0,0,20161201,20170630
CALEND-420-Κυριακή-06,0,0,0,0,0,0,1,20161204,20170625
CALEND-420-Σάββατο-06,0,0,0,0,0,1,0,20161203,20170701
CALEND-421-Καθημερινή-07,1,1,1,1,1,0,0,20161201,20170630
CALEND-421-Κυριακή-06,0,0,0,0,0,0,1,20161204,20170625
CALEND-421-Σάββατο-08,0,0,0,0,0,1,0,20161203,20170701
CALEND-444-Καθημερινή-06,1,1,1,1,1,0,0,20161201,20170630
CALEND-444-Κυριακή-01,0,0,0,0,0,0,1,20161204,20170625
CALEND-444-Σάββατο-04,0,0,0,0,0,1,0,20161203,20170701
CALEND-446-Καθημερινή-06,1,1,1,1,1,0,0,20161201,20170630
CALEND-446-Κυριακή-07,0,0,0,0,0,0,1,20161204,20170625
CALEND-446-Σάββατο-05,0,0,0,0,0,1,0,20161203,20170701
CALEND-447-Καθημερινή-14,1,1,1,1,1,0,0,20161201,20170630
CALEND-447-Κυριακή-09,0,0,0,0,0,0,1,20161204,20170625
CALEND-447-Σάββατο-09,0,0,0,0,0,1,0,20161203,20170701
CALEND-500-Καθημερινή-10,1,1,1,1,1,0,0,20161201,20170630
CALEND-500-Κυριακή-11,0,0,0,0,0,0,1,20161204,20170625
CALEND-500-Σάββατο-10,0,0,0,0,0,1,0,20161203,20170701
CALEND-501-527-Καθημερινή-07,1,1,1,1,1,0,0,20161201,20170630
CALEND-501-527-Κυριακή-05,0,0,0,0,0,0,1,20161204,20170625
CALEND-501-527-Σάββατο-05,0,0,0,0,0,1,0,20161203,20170701
CALEND-504-Καθημερινή-13,1,1,1,1,1,0,0,20161201,20170630
CALEND-504-Κυριακή-06,0,0,0,0,0,0,1,20161204,20170625
CALEND-504-Σάββατο-06,0,0,0,0,0,1,0,20161203,20170701
CALEND-541-Δευ-Σαβ-04,1,1,1,1,1,1,0,20161201,20170701
CALEND-543-Καθημερινή-15,1,1,1,1,1,0,0,20161201,20170630
CALEND-543-Σαβ/Κυρ-07,0,0,0,0,0,1,1,20161203,20170701
CALEND-550-Καθημερινή-10,1,1,1,1,1,0,0,20161201,20170630
CALEND-550-Κυριακή-08,0,0,0,0,0,0,1,20161204,20170625
CALEND-550-Σάββατο-09,0,0,0,0,0,1,0,20161203,20170701
CALEND-560-7-ημέρες-01,1,1,1,1,1,1,1,20161201,20170701
CALEND-602-642-Καθημερινή-04,1,1,1,1,1,0,0,20161201,20170630
CALEND-602-642-Κυριακή-02,0,0,0,0,0,0,1,20161204,20170625
CALEND-602-642-Σάββατο-01,0,0,0,0,0,1,0,20161203,20170701
CALEND-604-Δευ-Σαβ-06,1,1,1,1,1,1,0,20161201,20170701
CALEND-605-Καθημερινή-08,1,1,1,1,1,0,0,20161201,20170630
CALEND-605-Κυριακή-09,0,0,0,0,0,0,1,20161204,20170625
CALEND-605-Σάββατο-08,0,0,0,0,0,1,0,20161203,20170701
CALEND-608-Καθημερινή-07,1,1,1,1,1,0,0,20161201,20170630
CALEND-608-Κυριακή-08,0,0,0,0,0,0,1,20161204,20170625
CALEND-608-Σάββατο-10,0,0,0,0,0,1,0,20161203,20170701
CALEND-610-Καθημερινή-02,1,1,1,1,1,0,0,20161201,20170630
CALEND-610-Κυριακή-02,0,0,0,0,0,0,1,20161204,20170625
CALEND-610-Σάββατο-02,0,0,0,0,0,1,0,20161203,20170701
CALEND-619-Καθημερινή-01,1,1,1,1,1,0,0,20161201,20170630
CALEND-619-Κυριακή-01,0,0,0,0,0,0,1,20161204,20170625
CALEND-619-Σάββατο-01,0,0,0,0,0,1,0,20161203,20170701
CALEND-622-815-Καθημερινή-08,1,1,1,1,1,0,0,20161201,20170630
CALEND-622-815-Κυριακή-06,0,0,0,0,0,0,1,20161204,20170625
CALEND-622-815-Σάββατο-10,0,0,0,0,0,1,0,20161203,20170701
CALEND-640-Καθημερινή-09,1,1,1,1,1,0,0,20161201,20170630
CALEND-640-Σαβ/Κυρ-04,0,0,0,0,0,1,1,20161203,20170701
CALEND-651-Καθημερινή-08,1,1,1,1,1,0,0,20161201,20170630
CALEND-651-Κυριακή-04,0,0,0,0,0,0,1,20161204,20170625
CALEND-651-Σάββατο-06,0,0,0,0,0,1,0,20161203,20170701
CALEND-653-Καθημερινή-10,1,1,1,1,1,0,0,20161201,20170630
CALEND-653-Κυριακή-09,0,0,0,0,0,0,1,20161204,20170625
CALEND-653-Σάββατο-11,0,0,0,0,0,1,0,20161203,20170701
CALEND-700-Καθημερινή-05,1,1,1,1,1,0,0,20161201,20170630
CALEND-700-Κυριακή-08,0,0,0,0,0,0,1,20161204,20170625
CALEND-700-Σάββατο-06,0,0,0,0,0,1,0,20161203,20170701
CALEND-701-704-Καθημερινή-13,1,1,1,1,1,0,0,20161201,20170630
CALEND-701-704-Κυριακή-11,0,0,0,0,0,0,1,20161204,20170625
CALEND-701-704-Σάββατο-09,0,0,0,0,0,1,0,20161203,20170701
CALEND-703-Καθημερινή-09,1,1,1,1,1,0,0,20161201,20170630
CALEND-703-Κυριακή-04,0,0,0,0,0,0,1,20161204,20170625
CALEND-703-Σάββατο-06,0,0,0,0,0,1,0,20161203,20170701
CALEND-711-Καθημερινή-03,1,1,1,1,1,0,0,20161201,20170630
CALEND-711-Κυριακή-03,0,0,0,0,0,0,1,20161204,20170625
CALEND-711-Σάββατο-03,0,0,0,0,0,1,0,20161203,20170701
CALEND-712-713-Καθημερινή-01,1,1,1,1,1,0,0,20161201,20170630
CALEND-712-713-Σαβ/Κυρ-01,0,0,0,0,0,1,1,20161203,20170701
CALEND-719-Καθημερινή-12,1,1,1,1,1,0,0,20161201,20170630
CALEND-719-Κυριακή-08,0,0,0,0,0,0,1,20161204,20170625
CALEND-719-Σάββατο-10,0,0,0,0,0,1,0,20161203,20170701
CALEND-721-727-Καθημερινή-08,1,1,1,1,1,0,0,20161201,20170630
CALEND-721-727-Κυριακή-03,0,0,0,0,0,0,1,20161204,20170625
CALEND-721-727-Σάββατο-07,0,0,0,0,0,1,0,20161203,20170701
CALEND-723-Καθημερινή-07,1,1,1,1,1,0,0,20161201,20170630
CALEND-723-Κυριακή-05,0,0,0,0,0,0,1,20161204,20170625
CALEND-723-Σάββατο-06,0,0,0,0,0,1,0,20161203,20170701
CALEND-724-Καθημερινή-11,1,1,1,1,1,0,0,20161201,20170630
CALEND-724-Κυριακή-08,0,0,0,0,0,0,1,20161204,20170625
CALEND-724-Σάββατο-09,0,0,0,0,0,1,0,20161203,20170701
CALEND-730-Καθημερινή-08,1,1,1,1,1,0,0,20161201,20170630
CALEND-730-Κυριακή-08,0,0,0,0,0,0,1,20161204,20170625
CALEND-730-Σάββατο-10,0,0,0,0,0,1,0,20161203,20170701
CALEND-731-Καθημερινή-08,1,1,1,1,1,0,0,20161201,20170630
CALEND-731-Κυριακή-07,0,0,0,0,0,0,1,20161204,20170625
CALEND-731-Σάββατο-07,0,0,0,0,0,1,0,20161203,20170701
CALEND-732-Καθημερινή-19,1,1,1,1,1,0,0,20161201,20170630
CALEND-732-Κυριακή-12,0,0,0,0,0,0,1,20161204,20170625
CALEND-732-Σάββατο-09,0,0,0,0,0,1,0,20161203,20170701
CALEND-740-Καθημερινή-03,1,1,1,1,1,0,0,20161201,20170630
CALEND-740-Κυριακή-03,0,0,0,0,0,0,1,20161204,20170625
CALEND-740-Σάββατο-03,0,0,0,0,0,1,0,20161203,20170701
CALEND-747-Καθημερινή-12,1,1,1,1,1,0,0,20161201,20170630
CALEND-747-Κυριακή-06,0,0,0,0,0,0,1,20161204,20170625
CALEND-747-Σάββατο-06,0,0,0,0,0,1,0,20161203,20170701
CALEND-748-Καθημερινή-07,1,1,1,1,1,0,0,20161201,20170630
CALEND-748-Κυριακή-09,0,0,0,0,0,0,1,20161204,20170625
CALEND-748-Σάββατο-08,0,0,0,0,0,1,0,20161203,20170701
CALEND-750-Καθημερινή-15,1,1,1,1,1,0,0,20161201,20170630
CALEND-750-Κυριακή-07,0,0,0,0,0,0,1,20161204,20170625
CALEND-750-Σάββατο-11,0,0,0,0,0,1,0,20161203,20170701
CALEND-790-Καθημερινή-13,1,1,1,1,1,0,0,20161201,20170630
CALEND-790-Κυριακή-12,0,0,0,0,0,0,1,20161204,20170625
CALEND-790-Σάββατο-11,0,0,0,0,0,1,0,20161203,20170701
CALEND-800-Καθημερινή-07,1,1,1,1,1,0,0,20161201,20170630
CALEND-800-Κυριακή-07,0,0,0,0,0,0,1,20161204,20170625
CALEND-800-Σάββατο-06,0,0,0,0,0,1,0,20161203,20170701
CALEND-803-Καθημερινή-02,1,1,1,1,1,0,0,20161201,20170630
CALEND-803-Κυριακή-02,0,0,0,0,0,0,1,20161204,20170625
CALEND-803-Σάββατο-01,0,0,0,0,0,1,0,20161203,20170701
CALEND-806-807-Καθημερινή-03,1,1,1,1,1,0,0,20161201,20170630
CALEND-806-807-Κυριακή-01,0,0,0,0,0,0,1,20161204,20170625
CALEND-806-807-Σάββατο-03,0,0,0,0,0,1,0,20161203,20170701
CALEND-809-810-Καθημερινή-09,1,1,1,1,1,0,0,20161201,20170630
CALEND-809-810-Κυριακή-05,0,0,0,0,0,0,1,20161204,20170625
CALEND-809-810-Σάββατο-05,0,0,0,0,0,1,0,20161203,20170701
CALEND-811-Καθημερινή-12,1,1,1,1,1,0,0,20161201,20170630
CALEND-811-Κυριακή-06,0,0,0,0,0,0,1,20161204,20170625
CALEND-811-Σάββατο-08,0,0,0,0,0,1,0,20161203,20170701
CALEND-813-Καθημερινή-08,1,1,1,1,1,0,0,20161201,20170630
CALEND-813-Κυριακή-06,0,0,0,0,0,0,1,20161204,20170625
CALEND-813-Σάββατο-07,0,0,0,0,0,1,0,20161203,20170701
CALEND-818-Καθημερινή-08,1,1,1,1,1,0,0,20161201,20170630
CALEND-818-Κυριακή-04,0,0,0,0,0,0,1,20161204,20170625
CALEND-818-Σάββατο-05,0,0,0,0,0,1,0,20161203,20170701
CALEND-819-Καθημερινή-06,1,1,1,1,1,0,0,20161201,20170630
CALEND-819-Σαβ/Κυρ-02,0,0,0,0,0,1,1,20161203,20170701
CALEND-820-Καθημερινή-06,1,1,1,1,1,0,0,20161201,20170630
CALEND-820-Κυριακή-06,0,0,0,0,0,0,1,20161204,20170625
CALEND-820-Σάββατο-06,0,0,0,0,0,1,0,20161203,20170701
CALEND-821-Καθημερινή-05,1,1,1,1,1,0,0,20161201,20170630
CALEND-821-Κυριακή-06,0,0,0,0,0,0,1,20161204,20170625
CALEND-821-Σάββατο-04,0,0,0,0,0,1,0,20161203,20170701
CALEND-822-Καθημερινή-10,1,1,1,1,1,0,0,20161201,20170630
CALEND-822-Κυριακή-07,0,0,0,0,0,0,1,20161204,20170625
CALEND-822-Σάββατο-09,0,0,0,0,0,1,0,20161203,20170701
CALEND-823-Καθημερινή-08,1,1,1,1,1,0,0,20161201,20170630
CALEND-823-Κυριακή-05,0,0,0,0,0,0,1,20161204,20170625
CALEND-823-Σάββατο-07,0,0,0,0,0,1,0,20161203,20170701
CALEND-824-825-Καθημερινή-12,1,1,1,1,1,0,0,20161201,20170630
CALEND-824-825-Κυριακή-07,0,0,0,0,0,0,1,20161204,20170625
CALEND-824-825-Σάββατο-07,0,0,0,0,0,1,0,20161203,20170701
CALEND-826-Καθημερινή-11,1,1,1,1,1,0,0,20161201,20170630
CALEND-826-Κυριακή-04,0,0,0,0,0,0,1,20161204,20170625
CALEND-826-Σάββατο-05,0,0,0,0,0,1,0,20161203,20170701
CALEND-827-828-Καθημερινή-06,1,1,1,1,1,0,0,20161201,20170630
CALEND-827-828-Κυριακή-05,0,0,0,0,0,0,1,20161204,20170625
CALEND-827-828-Σάββατο-05,0,0,0,0,0,1,0,20161203,20170701
CALEND-829-Καθημερινή-10,1,1,1,1,1,0,0,20161201,20170630
CALEND-829-Σάββατο-06,0,0,0,0,0,1,0,20161203,20170701
CALEND-830-Καθημερινή-06,1,1,1,1,1,0,0,20161201,20170630
CALEND-830-Κυριακή-04,0,0,0,0,0,0,1,20161204,20170625
CALEND-830-Σάββατο-06,0,0,0,0,0,1,0,20161203,20170701
CALEND-831-Καθημερινή-04,1,1,1,1,1,0,0,20161201,20170630
CALEND-831-Κυριακή-04,0,0,0,0,0,0,1,20161204,20170625
CALEND-831-Σάββατο-03,0,0,0,0,0,1,0,20161203,20170701
CALEND-832-833-Καθημερινή-04,1,1,1,1,1,0,0,20161201,20170630
CALEND-832-833-Κυριακή-04,0,0,0,0,0,0,1,20161204,20170625
CALEND-832-833-Σάββατο-04,0,0,0,0,0,1,0,20161203,20170701
CALEND-837-Καθημερινή-07,1,1,1,1,1,0,0,20161201,20170630
CALEND-837-Κυριακή-06,0,0,0,0,0,0,1,20161204,20170625
CALEND-837-Σάββατο-08,0,0,0,0,0,1,0,20161203,20170701
CALEND-838-914-Καθημερινή-03,1,1,1,1,1,0,0,20161201,20170630
CALEND-838-914-Κυριακή-04,0,0,0,0,0,0,1,20161204,20170625
CALEND-838-914-Σάββατο-04,0,0,0,0,0,1,0,20161203,20170701
CALEND-843-Καθημερινή-10,1,1,1,1,1,0,0,20161201,20170630
CALEND-843-Κυριακή-08,0,0,0,0,0,0,1,20161204,20170625
CALEND-843-Σάββατο-10,0,0,0,0,0,1,0,20161203,20170701
CALEND-845-871-Καθημερινή-04,1,1,1,1,1,0,0,20161201,20170630
CALEND-845-871-Κυριακή-03,0,0,0,0,0,0,1,20161204,20170625
CALEND-845-871-Σάββατο-02,0,0,0,0,0,1,0,20161203,20170701
CALEND-846-847-Καθημερινή-06,1,1,1,1,1,0,0,20161201,20170630
CALEND-846-847-Κυριακή-08,0,0,0,0,0,0,1,20161204,20170625
CALEND-846-847-Σάββατο-06,0,0,0,0,0,1,0,20161203,20170701
CALEND-852-Καθημερινή-03,1,1,1,1,1,0,0,20161201,20170630
CALEND-852-Κυριακή-03,0,0,0,0,0,0,1,20161204,20170625
CALEND-852-Σάββατο-03,0,0,0,0,0,1,0,20161203,20170701
CALEND-856-Καθημερινή-07,1,1,1,1,1,0,0,20161201,20170630
CALEND-856-Κυριακή-06,0,0,0,0,0,0,1,20161204,20170625
CALEND-856-Σάββατο-05,0,0,0,0,0,1,0,20161203,20170701
CALEND-859-Καθημερινή-04,1,1,1,1,1,0,0,20161201,20170630
CALEND-859-Κυριακή-02,0,0,0,0,0,0,1,20161204,20170625
CALEND-859-Σάββατο-02,0,0,0,0,0,1,0,20161203,20170701
CALEND-860-Καθημερινή-07,1,1,1,1,1,0,0,20161201,20170630
CALEND-860-Κυριακή-04,0,0,0,0,0,0,1,20161204,20170625
CALEND-860-Σάββατο-05,0,0,0,0,0,1,0,20161203,20170701
CALEND-891-Καθημερινή-07,1,1,1,1,1,0,0,20161201,20170630
CALEND-891-Κυριακή-06,0,0,0,0,0,0,1,20161204,20170625
CALEND-891-Σάββατο-08,0,0,0,0,0,1,0,20161203,20170701
CALEND-892-Καθημερινή-08,1,1,1,1,1,0,0,20161201,20170630
CALEND-892-Κυριακή-06,0,0,0,0,0,0,1,20161204,20170625
CALEND-892-Σάββατο-09,0,0,0,0,0,1,0,20161203,20170701
CALEND-904-Καθημερινή-09,1,1,1,1,1,0,0,20161201,20170630
CALEND-904-Κυριακή-07,0,0,0,0,0,0,1,20161204,20170625
CALEND-904-Σάββατο-08,0,0,0,0,0,1,0,20161203,20170701
CALEND-906-Καθημερινή-05,1,1,1,1,1,0,0,20161201,20170630
CALEND-906-Κυριακή-05,0,0,0,0,0,0,1,20161204,20170625
CALEND-906-Σάββατο-06,0,0,0,0,0,1,0,20161203,20170701
CALEND-909-Καθημερινή-14,1,1,1,1,1,0,0,20161201,20170630
CALEND-909-Κυριακή-09,0,0,0,0,0,0,1,20161204,20170625
CALEND-909-Σάββατο-08,0,0,0,0,0,1,0,20161203,20170701
CALEND-910-Καθημερινή-10,1,1,1,1,1,0,0,20161201,20170630
CALEND-910-Κυριακή-11,0,0,0,0,0,0,1,20161204,20170625
CALEND-910-Σάββατο-11,0,0,0,0,0,1,0,20161203,20170701
CALEND-911-Καθημερινή-05,1,1,1,1,1,0,0,20161201,20170630
CALEND-915-Καθημερινή-08,1,1,1,1,1,0,0,20161201,20170630
CALEND-915-Κυριακή-07,0,0,0,0,0,0,1,20161204,20170625
CALEND-915-Σάββατο-09,0,0,0,0,0,1,0,20161203,20170701
CALEND-Α1-Καθημερινή-11,1,1,1,1,1,0,0,20161201,20170630
CALEND-Α1-Κυριακή-16,0,0,0,0,0,0,1,20161204,20170625
CALEND-Α1-Σάββατο-12,0,0,0,0,0,1,0,20161203,20170701
CALEND-Α10-Β10-Καθημερινή-08,1,1,1,1,1,0,0,20161201,20170630
CALEND-Α10-Β10-Κυριακή-08,0,0,0,0,0,0,1,20161204,20170625
CALEND-Α10-Β10-Σάββατο-06,0,0,0,0,0,1,0,20161203,20170701
CALEND-Α11-Β11-Καθημερινή-15,1,1,1,1,1,0,0,20161201,20170630
CALEND-Α11-Β11-Κυριακή-11,0,0,0,0,0,0,1,20161204,20170625
CALEND-Α11-Β11-Σάββατο-12,0,0,0,0,0,1,0,20161203,20170701
CALEND-Α13-Καθημερινή-07,1,1,1,1,1,0,0,20161201,20170630
CALEND-Α13-Κυριακή-09,0,0,0,0,0,0,1,20161204,20170625
CALEND-Α13-Σάββατο-07,0,0,0,0,0,1,0,20161203,20170701
CALEND-Α15-Καθημερινή-09,1,1,1,1,1,0,0,20161201,20170630
CALEND-Α15-Κυριακή-09,0,0,0,0,0,0,1,20161204,20170625
CALEND-Α15-Σάββατο-07,0,0,0,0,0,1,0,20161203,20170701
CALEND-Α16-876-Καθημερινή-03,1,1,1,1,1,0,0,20161201,20170630
CALEND-Α16-876-Κυριακή-01,0,0,0,0,0,0,1,20161204,20170625
CALEND-Α16-876-Σάββατο-01,0,0,0,0,0,1,0,20161203,20170701
CALEND-Α2-Καθημερινή-13,1,1,1,1,1,0,0,20161201,20170630
CALEND-Α2-Κυριακή-10,0,0,0,0,0,0,1,20161204,20170625
CALEND-Α2-Σάββατο-09,0,0,0,0,0,1,0,20161203,20170701
CALEND-Α3-Καθημερινή-06,1,1,1,1,1,0,0,20161201,20170630
CALEND-Α3-Κυριακή-05,0,0,0,0,0,0,1,20161204,20170625
CALEND-Α3-Σάββατο-05,0,0,0,0,0,1,0,20161203,20170701
CALEND-Α5-Καθημερινή-13,1,1,1,1,1,0,0,20161201,20170630
CALEND-Α5-Κυριακή-12,0,0,0,0,0,0,1,20161204,20170625
CALEND-Α5-Σάββατο-09,0,0,0,0,0,1,0,20161203,20170701
CALEND-Α7-Καθημερινή-07,1,1,1,1,1,0,0,20161201,20170630
CALEND-Α7-Κυριακή-05,0,0,0,0,0,0,1,20161204,20170625
CALEND-Α7-Σάββατο-06,0,0,0,0,0,1,0,20161203,20170701
CALEND-Α8-Καθημερινή-11,1,1,1,1,1,0,0,20161201,20170630
CALEND-Α8-Κυριακή-09,0,0,0,0,0,0,1,20161204,20170625
CALEND-Α8-Σάββατο-08,0,0,0,0,0,1,0,20161203,20170701
CALEND-Β1-Καθημερινή-13,1,1,1,1,1,0,0,20161201,20170630
CALEND-Β1-Κυριακή-11,0,0,0,0,0,0,1,20161204,20170625
CALEND-Β1-Σάββατο-10,0,0,0,0,0,1,0,20161203,20170701
CALEND-Β12-Καθημερινή-12,1,1,1,1,1,0,0,20161201,20170630
CALEND-Β12-Κυριακή-09,0,0,0,0,0,0,1,20161204,20170625
CALEND-Β12-Σάββατο-08,0,0,0,0,0,1,0,20161203,20170701
CALEND-Β15-Ε15-Καθημερινή-08,1,1,1,1,1,0,0,20161201,20170630
CALEND-Β15-Ε15-Κυριακή-06,0,0,0,0,0,0,1,20161204,20170625
CALEND-Β15-Ε15-Σάββατο-04,0,0,0,0,0,1,0,20161203,20170701
CALEND-Β18-Γ18-Καθημερινή-11,1,1,1,1,1,0,0,20161201,20170630
CALEND-Β18-Γ18-Κυριακή-09,0,0,0,0,0,0,1,20161204,20170625
CALEND-Β18-Γ18-Σάββατο-10,0,0,0,0,0,1,0,20161203,20170701
CALEND-Β2-Καθημερινή-09,1,1,1,1,1,0,0,20161201,20170630
CALEND-Β2-Κυριακή-10,0,0,0,0,0,0,1,20161204,20170625
CALEND-Β2-Σάββατο-07,0,0,0,0,0,1,0,20161203,20170701
CALEND-Β5-Καθημερινή-10,1,1,1,1,1,0,0,20161201,20170630
CALEND-Β5-Κυριακή-07,0,0,0,0,0,0,1,20161204,20170625
CALEND-Β5-Σάββατο-07,0,0,0,0,0,1,0,20161203,20170701
CALEND-Β9-Καθημερινή-03,1,1,1,1,1,0,0,20161201,20170630
CALEND-Β9-Κυριακή-03,0,0,0,0,0,0,1,20161204,20170625
CALEND-Β9-Σάββατο-03,0,0,0,0,0,1,0,20161203,20170701
CALEND-Γ10-Καθημερινή-07,1,1,1,1,1,0,0,20161201,20170630
CALEND-Γ10-Κυριακή-07,0,0,0,0,0,0,1,20161204,20170625
CALEND-Γ10-Σάββατο-06,0,0,0,0,0,1,0,20161203,20170701
CALEND-Γ12-Καθημερινή-09,1,1,1,1,1,0,0,20161201,20170630
CALEND-Γ12-Κυριακή-06,0,0,0,0,0,0,1,20161204,20170625
CALEND-Γ12-Σάββατο-07,0,0,0,0,0,1,0,20161203,20170701
CALEND-Γ16-866-Καθημερινή-01,1,1,1,1,1,0,0,20161201,20170630
CALEND-Γ16-866-Κυριακή-01,0,0,0,0,0,0,1,20161204,20170625
CALEND-Γ16-866-Σάββατο-01,0,0,0,0,0,1,0,20161203,20170701
CALEND-Γ9-Καθημερινή-10,1,1,1,1,1,0,0,20161201,20170630
CALEND-Γ9-Κυριακή-07,0,0,0,0,0,0,1,20161204,20170625
CALEND-Γ9-Σάββατο-05,0,0,0,0,0,1,0,20161203,20170701
CALEND-Ε14-Καθημερινή-09,1,1,1,1,1,0,0,20161201,20170630
CALEND-ΣΜΕΣΟΓ-Καθημερινή-02,1,1,1,1,1,0,0,20161201,20170630
CALEND-ΣΜΕΣΟΓ-Κυριακή-02,0,0,0,0,0,0,1,20161204,20170625
CALEND-ΣΜΕΣΟΓ-Σάββατο-02,0,0,0,0,0,1,0,20161203,20170701
CALEND-ΤΟΠΘΡΙΑ-Κυριακή-15,0,0,0,0,0,0,1,20161204,20170625
CALEND-Χ14-7-ημέρες-03,1,1,1,1,1,1,1,20161201,20170701
CALEND-Χ93-7-ημέρες-12,1,1,1,1,1,1,1,20161201,20170701
CALEND-Χ95-7-ημέρες-05,1,1,1,1,1,1,1,20161201,20170701
CALEND-Χ96-7-ημέρες-08,1,1,1,1,1,1,1,20161201,20170701
CALEND-Χ97-7-ημέρες-15,1,1,1,1,1,1,1,20161201,20170701
CΗΛΠΑΠ-1-Καθημερινή-08,1,1,1,1,1,0,0,20161201,20170630
CΗΛΠΑΠ-1-Κυριακή-06,0,0,0,0,0,0,1,20161204,20170625
CΗΛΠΑΠ-1-Σάββατο-07,0,0,0,0,0,1,0,20161203,20170701
CΗΛΠΑΠ-10-Καθημερινή-09,1,1,1,1,1,0,0,20161201,20170630
CΗΛΠΑΠ-10-Κυριακή-08,0,0,0,0,0,0,1,20161204,20170625
CΗΛΠΑΠ-10-Σάββατο-07,0,0,0,0,0,1,0,20161203,20170701
CΗΛΠΑΠ-11-Καθημερινή-11,1,1,1,1,1,0,0,20161201,20170630
CΗΛΠΑΠ-11-Κυριακή-10,0,0,0,0,0,0,1,20161204,20170625
CΗΛΠΑΠ-11-Σάββατο-10,0,0,0,0,0,1,0,20161203,20170701
CΗΛΠΑΠ-12-Καθημερινή-09,1,1,1,1,1,0,0,20161201,20170630
CΗΛΠΑΠ-12-Κυριακή-08,0,0,0,0,0,0,1,20161204,20170625
CΗΛΠΑΠ-12-Σάββατο-07,0,0,0,0,0,1,0,20161203,20170701
CΗΛΠΑΠ-15-Καθημερινή-06,1,1,1,1,1,0,0,20161201,20170630
CΗΛΠΑΠ-15-Κυριακή-06,0,0,0,0,0,0,1,20161204,20170625
CΗΛΠΑΠ-15-Σάββατο-06,0,0,0,0,0,1,0,20161203,20170701
CΗΛΠΑΠ-16-Καθημερινή-05,1,1,1,1,1,0,0,20161201,20170630
CΗΛΠΑΠ-16-Κυριακή-05,0,0,0,0,0,0,1,20161204,20170625
CΗΛΠΑΠ-16-Σάββατο-05,0,0,0,0,0,1,0,20161203,20170701
CΗΛΠΑΠ-17-Καθημερινή-07,1,1,1,1,1,0,0,20161201,20170630
CΗΛΠΑΠ-17-Κυριακή-06,0,0,0,0,0,0,1,20161204,20170625
CΗΛΠΑΠ-17-Σάββατο-06,0,0,0,0,0,1,0,20161203,20170701
CΗΛΠΑΠ-18-19-Καθημερινή-08,1,1,1,1,1,0,0,20161201,20170630
CΗΛΠΑΠ-18-19-Κυριακή-08,0,0,0,0,0,0,1,20161204,20170625
CΗΛΠΑΠ-18-19-Σάββατο-08,0,0,0,0,0,1,0,20161203,20170701
CΗΛΠΑΠ-2-4-Καθημερινή-10,1,1,1,1,1,0,0,20161201,20170630
CΗΛΠΑΠ-2-4-Κυριακή-06,0,0,0,0,0,0,1,20161204,20170625
CΗΛΠΑΠ-2-4-Σάββατο-08,0,0,0,0,0,1,0,20161203,20170701
CΗΛΠΑΠ-20-Καθημερινή-06,1,1,1,1,1,0,0,20161201,20170630
CΗΛΠΑΠ-20-Κυριακή-06,0,0,0,0,0,0,1,20161204,20170625
CΗΛΠΑΠ-20-Σάββατο-06,0,0,0,0,0,1,0,20161203,20170701
CΗΛΠΑΠ-21-Καθημερινή-06,1,1,1,1,1,0,0,20161201,20170630
CΗΛΠΑΠ-21-Κυριακή-08,0,0,0,0,0,0,1,20161204,20170625
CΗΛΠΑΠ-21-Σάββατο-06,0,0,0,0,0,1,0,20161203,20170701
CΗΛΠΑΠ-24-Καθημερινή-06,1,1,1,1,1,0,0,20161201,20170630
CΗΛΠΑΠ-24-Κυριακή-05,0,0,0,0,0,0,1,20161204,20170625
CΗΛΠΑΠ-24-Σάββατο-05,0,0,0,0,0,1,0,20161203,20170701
CΗΛΠΑΠ-25-Καθημερινή-08,1,1,1,1,1,0,0,20161201,20170630
CΗΛΠΑΠ-25-Κυριακή-06,0,0,0,0,0,0,1,20161204,20170625
CΗΛΠΑΠ-25-Σάββατο-07,0,0,0,0,0,1,0,20161203,20170701
CΗΛΠΑΠ-3-Καθημερινή-09,1,1,1,1,1,0,0,20161201,20170630
CΗΛΠΑΠ-3-Κυριακή-07,0,0,0,0,0,0,1,20161204,20170625
CΗΛΠΑΠ-3-Σάββατο-08,0,0,0,0,0,1,0,20161203,20170701
CΗΛΠΑΠ-5-Καθημερινή-08,1,1,1,1,1,0,0,20161201,20170630
CΗΛΠΑΠ-5-Κυριακή-07,0,0,0,0,0,0,1,20161204,20170625
CΗΛΠΑΠ-5-Σάββατο-09,0,0,0,0,0,1,0,20161203,20170701
ΤΗΛΕΜΑ-14-Καθημερινή-30,1,1,1,1,1,0,0,20161201,20170630
ΤΗΛΕΜΑ-14-Κυριακή-30,0,0,0,0,0,0,1,20161204,20170625
ΤΗΛΕΜΑ-14-Σάββατο-30,0,0,0,0,0,1,0,20161203,20170701
ΤΗΛΕΜΑ-6-Καθημερινή-30,1,1,1,1,1,0,0,20161201,20170630
ΤΗΛΕΜΑ-6-Κυριακή-30,0,0,0,0,0,0,1,20161204,20170625
ΤΗΛΕΜΑ-6-Σάββατο-30,0,0,0,0,0,1,0,20161203,20170701
ΤΗΛΕΜΑ-Μ1-Καθημερινή-32,1,1,1,1,1,0,0,20161201,20170630
ΤΗΛΕΜΑ-Μ1-Σαβ/Κυρ-32,0,0,0,0,0,1,1,20161203,20170625
ΤΗΛΕΜΑ-Μ2-Δευ-Πεμ-31,1,1,1,1,0,0,0,20161201,20170629
ΤΗΛΕΜΑ-Μ2-Κυριακή-30,0,0,0,0,0,0,1,20161204,20170625
ΤΗΛΕΜΑ-Μ2-Παρασκευή-31,0,0,0,0,1,0,0,20161202,20170630
ΤΗΛΕΜΑ-Μ2-Σάββατο-30,0,0,0,0,0,1,0,20161203,20170624
ΤΗΛΕΜΑ-Μ3-Δευ-Πεμ-31,1,1,1,1,0,0,0,20161201,20170629
ΤΗΛΕΜΑ-Μ3-Κυριακή-30,0,0,0,0,0,0,1,20161204,20170625
ΤΗΛΕΜΑ-Μ3-Παρασκευή-31,0,0,0,0,1,0,0,20161202,20170630
ΤΗΛΕΜΑ-Μ3-Σάββατο-30,0,0,0,0,0,1,0,20161203,20170624
ΤΗΛΕΜΑ-Τ3-Δευ-Πεμ-02,1,1,1,1,0,0,0,20161201,20170629
ΤΗΛΕΜΑ-Τ3-Κυριακή-02,0,0,0,0,0,0,1,20161204,20170625
ΤΗΛΕΜΑ-Τ3-Παρασκευή-02,0,0,0,0,1,0,0,20161202,20170630
ΤΗΛΕΜΑ-Τ3-Σάββατο-02,0,0,0,0,0,1,0,20161203,20170624
ΤΗΛΕΜΑ-Τ4-Δευ-Πεμ-03,1,1,1,1,0,0,0,20161201,20170629
ΤΗΛΕΜΑ-Τ4-Κυριακή-03,0,0,0,0,0,0,1,20161204,20170625
ΤΗΛΕΜΑ-Τ4-Παρασκευή-03,0,0,0,0,1,0,0,20161202,20170630
ΤΗΛΕΜΑ-Τ4-Σάββατο-03,0,0,0,0,0,1,0,20161203,20170624
ΤΗΛΕΜΑ-Τ5-Δευ-Πεμ-04,1,1,1,1,0,0,0,20161201,20170629
ΤΗΛΕΜΑ-Τ5-Κυριακή-04,0,0,0,0,0,0,1,20161204,20170625
ΤΗΛΕΜΑ-Τ5-Παρασκευή-04,0,0,0,0,1,0,0,20161202,20170630
ΤΗΛΕΜΑ-Τ5-Σάββατο-03,0,0,0,0,0,1,0,20161203,20170624
