shape_id,shape_pt_lat,shape_pt_lon,shape_pt_sequence
ΑΘΗΝΧΑΛΚ,37.9923003,23.7206719,3
ΑΘΗΝΧΑΛΚ,37.9932454,23.7209271,6
ΑΘΗΝΧΑΛΚ,37.9935502,23.7210067,9
ΑΘΗΝΧΑΛΚ,37.9936967,23.721028,12
ΑΘΗΝΧΑΛΚ,37.9938411,23.7210412,15
ΑΘΗΝΧΑΛΚ,37.9940094,23.7210376,18
ΑΘΗΝΧΑΛΚ,37.9942068,23.7210154,21
ΑΘΗΝΧΑΛΚ,37.9947205,23.7209376,24
ΑΘΗΝΧΑΛΚ,37.9950701,23.7208854,27
ΑΘΗΝΧΑΛΚ,37.9955254,23.72082,30
ΑΘΗΝΧΑΛΚ,37.9958936,23.7207638,33
ΑΘΗΝΧΑΛΚ,37.9963391,23.7206975,36
ΑΘΗΝΧΑΛΚ,37.9966196,23.7206562,39
ΑΘΗΝΧΑΛΚ,37.996962,23.7206065,42
ΑΘΗΝΧΑΛΚ,37.9972946,23.7205568,45
ΑΘΗΝΧΑΛΚ,37.9975562,23.7205163,48
ΑΘΗΝΧΑΛΚ,37.9977812,23.7204873,51
ΑΘΗΝΧΑΛΚ,37.9980342,23.7204611,54
ΑΘΗΝΧΑΛΚ,37.9983441,23.7204422,57
ΑΘΗΝΧΑΛΚ,37.9989762,23.720438,60
ΑΘΗΝΧΑΛΚ,37.9993963,23.7204684,63
ΑΘΗΝΧΑΛΚ,37.9999006,23.7205313,66
ΑΘΗΝΧΑΛΚ,38.0004577,23.7206156,69
ΑΘΗΝΧΑΛΚ,38.0010646,23.7207034,72
ΑΘΗΝΧΑΛΚ,38.001701,23.7207997,75
ΑΘΗΝΧΑΛΚ,38.0033067,23.7210353,78
ΑΘΗΝΧΑΛΚ,38.0038097,23.7210997,81
ΑΘΗΝΧΑΛΚ,38.004271,23.7211434,84
ΑΘΗΝΧΑΛΚ,38.0067088,23.7213651,87
ΑΘΗΝΧΑΛΚ,38.0070376,23.7213902,90
ΑΘΗΝΧΑΛΚ,38.0073878,23.7214001,93
ΑΘΗΝΧΑΛΚ,38.0077752,23.7213854,96
ΑΘΗΝΧΑΛΚ,38.007998,23.7213659,99
ΑΘΗΝΧΑΛΚ,38.0081876,23.7213411,102
ΑΘΗΝΧΑΛΚ,38.0083423,23.7213146,105
ΑΘΗΝΧΑΛΚ,38.0085475,23.7212749,108
ΑΘΗΝΧΑΛΚ,38.0087261,23.7212363,111
ΑΘΗΝΧΑΛΚ,38.0089381,23.721179,114
ΑΘΗΝΧΑΛΚ,38.0091445,23.7211134,117
ΑΘΗΝΧΑΛΚ,38.0094815,23.7209891,120
ΑΘΗΝΧΑΛΚ,38.0097459,23.7208786,123
ΑΘΗΝΧΑΛΚ,38.0101929,23.7206995,126
ΑΘΗΝΧΑΛΚ,38.01076,23.720465,129
ΑΘΗΝΧΑΛΚ,38.0113226,23.7202284,132
ΑΘΗΝΧΑΛΚ,38.0116871,23.7200673,135
ΑΘΗΝΧΑΛΚ,38.0121399,23.7198761,138
ΑΘΗΝΧΑΛΚ,38.0127965,23.7196175,141
ΑΘΗΝΧΑΛΚ,38.0132372,23.7194454,144
ΑΘΗΝΧΑΛΚ,38.0135213,23.7193359,147
ΑΘΗΝΧΑΛΚ,38.0138667,23.7191995,150
ΑΘΗΝΧΑΛΚ,38.0142221,23.7190574,153
ΑΘΗΝΧΑΛΚ,38.0148567,23.7187954,156
ΑΘΗΝΧΑΛΚ,38.0152335,23.7186398,159
ΑΘΗΝΧΑΛΚ,38.0154607,23.7185506,162
ΑΘΗΝΧΑΛΚ,38.0157882,23.7184128,165
ΑΘΗΝΧΑΛΚ,38.0160617,23.718349,168
ΑΘΗΝΧΑΛΚ,38.0163343,23.7183064,171
ΑΘΗΝΧΑΛΚ,38.0166364,23.7182867,174
ΑΘΗΝΧΑΛΚ,38.0169094,23.7182796,177
ΑΘΗΝΧΑΛΚ,38.0171905,23.7182867,180
ΑΘΗΝΧΑΛΚ,38.0174171,23.718296,183
ΑΘΗΝΧΑΛΚ,38.0187984,23.7183425,186
ΑΘΗΝΧΑΛΚ,38.0191666,23.7183528,189
ΑΘΗΝΧΑΛΚ,38.0196538,23.7183674,192
ΑΘΗΝΧΑΛΚ,38.019936,23.7183771,195
ΑΘΗΝΧΑΛΚ,38.0203396,23.7183987,198
ΑΘΗΝΧΑΛΚ,38.0207683,23.7184385,201
ΑΘΗΝΧΑΛΚ,38.0211348,23.7184802,204
ΑΘΗΝΧΑΛΚ,38.0216009,23.718537,207
ΑΘΗΝΧΑΛΚ,38.0219734,23.7185843,210
ΑΘΗΝΧΑΛΚ,38.0221696,23.7186109,213
ΑΘΗΝΧΑΛΚ,38.0224583,23.7186452,216
ΑΘΗΝΧΑΛΚ,38.0226735,23.7186779,219
ΑΘΗΝΧΑΛΚ,38.0228455,23.7187064,222
ΑΘΗΝΧΑΛΚ,38.0231045,23.7187649,225
ΑΘΗΝΧΑΛΚ,38.0233557,23.7188352,228
ΑΘΗΝΧΑΛΚ,38.0237128,23.7189442,231
ΑΘΗΝΧΑΛΚ,38.024057,23.7190619,234
ΑΘΗΝΧΑΛΚ,38.0243656,23.7191458,237
ΑΘΗΝΧΑΛΚ,38.0246358,23.7192235,240
ΑΘΗΝΧΑΛΚ,38.0248713,23.7192833,243
ΑΘΗΝΧΑΛΚ,38.0254079,23.7193956,246
ΑΘΗΝΧΑΛΚ,38.0259927,23.7195108,249
ΑΘΗΝΧΑΛΚ,38.0268292,23.7196815,252
ΑΘΗΝΧΑΛΚ,38.0280332,23.7199163,255
ΑΘΗΝΧΑΛΚ,38.0284813,23.7200038,258
ΑΘΗΝΧΑΛΚ,38.0287502,23.720068,261
ΑΘΗΝΧΑΛΚ,38.0289616,23.7201292,264
ΑΘΗΝΧΑΛΚ,38.0291776,23.7202095,267
ΑΘΗΝΧΑΛΚ,38.0293522,23.7202838,270
ΑΘΗΝΧΑΛΚ,38.0295452,23.7203772,273
ΑΘΗΝΧΑΛΚ,38.029713,23.720472,276
ΑΘΗΝΧΑΛΚ,38.0298887,23.7205814,279
ΑΘΗΝΧΑΛΚ,38.0300852,23.7207141,282
ΑΘΗΝΧΑΛΚ,38.0302472,23.720841,285
ΑΘΗΝΧΑΛΚ,38.0305703,23.7211129,288
ΑΘΗΝΧΑΛΚ,38.0313276,23.7217846,291
ΑΘΗΝΧΑΛΚ,38.0320272,23.7223967,294
ΑΘΗΝΧΑΛΚ,38.0328291,23.7231043,297
ΑΘΗΝΧΑΛΚ,38.0336039,23.7237894,300
ΑΘΗΝΧΑΛΚ,38.0344708,23.72455,303
ΑΘΗΝΧΑΛΚ,38.0350484,23.7250588,306
ΑΘΗΝΧΑΛΚ,38.035614,23.7255599,309
ΑΘΗΝΧΑΛΚ,38.0358596,23.7257756,312
ΑΘΗΝΧΑΛΚ,38.0360578,23.7259429,315
ΑΘΗΝΧΑΛΚ,38.0362204,23.7260617,318
ΑΘΗΝΧΑΛΚ,38.0364966,23.7262453,321
ΑΘΗΝΧΑΛΚ,38.0367355,23.726381,324
ΑΘΗΝΧΑΛΚ,38.0369886,23.7265052,327
ΑΘΗΝΧΑΛΚ,38.0372124,23.7265999,330
ΑΘΗΝΧΑΛΚ,38.0374484,23.7266831,333
ΑΘΗΝΧΑΛΚ,38.0379777,23.7268432,336
ΑΘΗΝΧΑΛΚ,38.0389272,23.7271699,339
ΑΘΗΝΧΑΛΚ,38.0390199,23.7272083,342
ΑΘΗΝΧΑΛΚ,38.0392136,23.7273039,345
ΑΘΗΝΧΑΛΚ,38.0395594,23.7274563,348
ΑΘΗΝΧΑΛΚ,38.039862,23.7275966,351
ΑΘΗΝΧΑΛΚ,38.0400365,23.7276759,354
ΑΘΗΝΧΑΛΚ,38.0403791,23.7278547,357
ΑΘΗΝΧΑΛΚ,38.0408036,23.7280709,360
ΑΘΗΝΧΑΛΚ,38.0411696,23.7282865,363
ΑΘΗΝΧΑΛΚ,38.0441682,23.7301069,366
ΑΘΗΝΧΑΛΚ,38.0445131,23.7302948,369
ΑΘΗΝΧΑΛΚ,38.0447899,23.7304347,372
ΑΘΗΝΧΑΛΚ,38.0451175,23.7305771,375
ΑΘΗΝΧΑΛΚ,38.0454609,23.7307051,378
ΑΘΗΝΧΑΛΚ,38.045839,23.7308231,381
ΑΘΗΝΧΑΛΚ,38.0461922,23.7309033,384
ΑΘΗΝΧΑΛΚ,38.049762,23.7317043,387
ΑΘΗΝΧΑΛΚ,38.0510967,23.7319881,390
ΑΘΗΝΧΑΛΚ,38.0519648,23.7321854,393
ΑΘΗΝΧΑΛΚ,38.0524295,23.7323034,396
ΑΘΗΝΧΑΛΚ,38.0528625,23.7324107,399
ΑΘΗΝΧΑΛΚ,38.0532807,23.7325099,402
ΑΘΗΝΧΑΛΚ,38.0536693,23.7325958,405
ΑΘΗΝΧΑΛΚ,38.0672929,23.7376291,408
ΑΘΗΝΧΑΛΚ,38.0669118,23.7375404,411
ΑΘΗΝΧΑΛΚ,38.0666548,23.7374678,414
ΑΘΗΝΧΑΛΚ,38.0654769,23.737052,417
ΑΘΗΝΧΑΛΚ,38.0652123,23.7369163,420
ΑΘΗΝΧΑΛΚ,38.0645566,23.7365668,423
ΑΘΗΝΧΑΛΚ,38.0617246,23.7349712,426
ΑΘΗΝΧΑΛΚ,38.0622154,23.7352162,429
ΑΘΗΝΧΑΛΚ,38.0627622,23.7354901,432
ΑΘΗΝΧΑΛΚ,38.0661201,23.7373016,435
ΑΘΗΝΧΑΛΚ,38.0658212,23.7371974,438
ΑΘΗΝΧΑΛΚ,38.0656529,23.737132,441
ΑΘΗΝΧΑΛΚ,38.0654769,23.737052,444
ΑΘΗΝΧΑΛΚ,38.0666548,23.7374678,447
ΑΘΗΝΧΑΛΚ,38.0661201,23.7373016,450
ΑΘΗΝΧΑΛΚ,38.0726999,23.7362137,453
ΑΘΗΝΧΑΛΚ,38.0715915,23.7369037,456
ΑΘΗΝΧΑΛΚ,38.0712616,23.737091,459
ΑΘΗΝΧΑΛΚ,38.0709474,23.7372402,462
ΑΘΗΝΧΑΛΚ,38.070601,23.7373835,465
ΑΘΗΝΧΑΛΚ,38.0702887,23.7375005,468
ΑΘΗΝΧΑΛΚ,38.0699969,23.7375854,471
ΑΘΗΝΧΑΛΚ,38.0696468,23.7376687,474
ΑΘΗΝΧΑΛΚ,38.0693109,23.7377281,477
ΑΘΗΝΧΑΛΚ,38.0688815,23.737773,480
ΑΘΗΝΧΑΛΚ,38.0686438,23.73778,483
ΑΘΗΝΧΑΛΚ,38.068421,23.7377759,486
ΑΘΗΝΧΑΛΚ,38.0682017,23.7377637,489
ΑΘΗΝΧΑΛΚ,38.0679783,23.7377456,492
ΑΘΗΝΧΑΛΚ,38.0677369,23.7377161,495
ΑΘΗΝΧΑΛΚ,38.067505,23.7376759,498
ΑΘΗΝΧΑΛΚ,38.0672929,23.7376291,501
ΑΘΗΝΧΑΛΚ,38.0790139,23.7380164,504
ΑΘΗΝΧΑΛΚ,38.0792729,23.7386393,507
ΑΘΗΝΧΑΛΚ,38.0794543,23.7390697,510
ΑΘΗΝΧΑΛΚ,38.0796343,23.7395034,513
ΑΘΗΝΧΑΛΚ,38.0797545,23.7398054,516
ΑΘΗΝΧΑΛΚ,38.0798461,23.7400476,519
ΑΘΗΝΧΑΛΚ,38.07994,23.7403327,522
ΑΘΗΝΧΑΛΚ,38.080004,23.7405573,525
ΑΘΗΝΧΑΛΚ,38.0800687,23.7407912,528
ΑΘΗΝΧΑΛΚ,38.080126,23.7410339,531
ΑΘΗΝΧΑΛΚ,38.0801777,23.7412984,534
ΑΘΗΝΧΑΛΚ,38.0802208,23.7415722,537
ΑΘΗΝΧΑΛΚ,38.0802589,23.7418575,540
ΑΘΗΝΧΑΛΚ,38.0802879,23.7421544,543
ΑΘΗΝΧΑΛΚ,38.0803103,23.7424502,546
ΑΘΗΝΧΑΛΚ,38.0803194,23.7427387,549
ΑΘΗΝΧΑΛΚ,38.0803277,23.7429956,552
ΑΘΗΝΧΑΛΚ,38.0787287,23.7373343,555
ΑΘΗΝΧΑΛΚ,38.0790139,23.7380164,558
ΑΘΗΝΧΑΛΚ,38.0627622,23.7354901,561
ΑΘΗΝΧΑΛΚ,38.0632704,23.735792,564
ΑΘΗΝΧΑΛΚ,38.0638783,23.7361656,567
ΑΘΗΝΧΑΛΚ,38.0645566,23.7365668,570
ΑΘΗΝΧΑΛΚ,38.057441,23.7333808,573
ΑΘΗΝΧΑΛΚ,38.0566278,23.7331968,576
ΑΘΗΝΧΑΛΚ,38.0576832,23.7334361,579
ΑΘΗΝΧΑΛΚ,38.0583917,23.7335506,582
ΑΘΗΝΧΑΛΚ,38.0566278,23.7331968,585
ΑΘΗΝΧΑΛΚ,38.0558383,23.7330464,588
ΑΘΗΝΧΑΛΚ,38.0547283,23.7328076,591
ΑΘΗΝΧΑΛΚ,38.0536693,23.7325958,594
ΑΘΗΝΧΑΛΚ,38.0532807,23.7325099,597
ΑΘΗΝΧΑΛΚ,38.0528625,23.7324107,600
ΑΘΗΝΧΑΛΚ,38.0524295,23.7323034,603
ΑΘΗΝΧΑΛΚ,38.0519648,23.7321854,606
ΑΘΗΝΧΑΛΚ,38.0510967,23.7319881,609
ΑΘΗΝΧΑΛΚ,38.0726999,23.7362137,612
ΑΘΗΝΧΑΛΚ,38.0729489,23.7360601,615
ΑΘΗΝΧΑΛΚ,38.0732017,23.7359193,618
ΑΘΗΝΧΑΛΚ,38.0733679,23.7358297,621
ΑΘΗΝΧΑΛΚ,38.0735699,23.7357274,624
ΑΘΗΝΧΑΛΚ,38.0737323,23.7356503,627
ΑΘΗΝΧΑΛΚ,38.0739289,23.7355673,630
ΑΘΗΝΧΑΛΚ,38.0741195,23.735495,633
ΑΘΗΝΧΑΛΚ,38.07431,23.7354294,636
ΑΘΗΝΧΑΛΚ,38.0745011,23.7353649,639
ΑΘΗΝΧΑΛΚ,38.0750795,23.7351909,642
ΑΘΗΝΧΑΛΚ,38.0754368,23.7350896,645
ΑΘΗΝΧΑΛΚ,38.0756195,23.7350482,648
ΑΘΗΝΧΑΛΚ,38.0757731,23.7350215,651
ΑΘΗΝΧΑΛΚ,38.0759297,23.7350049,654
ΑΘΗΝΧΑΛΚ,38.0760689,23.7349957,657
ΑΘΗΝΧΑΛΚ,38.0762015,23.7349985,660
ΑΘΗΝΧΑΛΚ,38.0763464,23.7350132,663
ΑΘΗΝΧΑΛΚ,38.0764885,23.7350353,666
ΑΘΗΝΧΑΛΚ,38.0766277,23.7350638,669
ΑΘΗΝΧΑΛΚ,38.0767726,23.7351071,672
ΑΘΗΝΧΑΛΚ,38.0769089,23.7351559,675
ΑΘΗΝΧΑΛΚ,38.0770603,23.7352241,678
ΑΘΗΝΧΑΛΚ,38.0771908,23.7352931,681
ΑΘΗΝΧΑΛΚ,38.0773386,23.7353797,684
ΑΘΗΝΧΑΛΚ,38.0774916,23.7354865,687
ΑΘΗΝΧΑΛΚ,38.0776112,23.7355822,690
ΑΘΗΝΧΑΛΚ,38.0777307,23.7356872,693
ΑΘΗΝΧΑΛΚ,38.0778351,23.7357921,696
ΑΘΗΝΧΑΛΚ,38.0779474,23.7359164,699
ΑΘΗΝΧΑΛΚ,38.0780373,23.7360241,702
ΑΘΗΝΧΑΛΚ,38.0781243,23.736142,705
ΑΘΗΝΧΑΛΚ,38.0782134,23.7362737,708
ΑΘΗΝΧΑΛΚ,38.0783069,23.7364302,711
ΑΘΗΝΧΑΛΚ,38.0783888,23.7365793,714
ΑΘΗΝΧΑΛΚ,38.0784794,23.7367681,717
ΑΘΗΝΧΑΛΚ,38.0785707,23.7369679,720
ΑΘΗΝΧΑΛΚ,38.0787287,23.7373343,723
ΑΘΗΝΧΑΛΚ,38.057441,23.7333808,726
ΑΘΗΝΧΑΛΚ,38.0576832,23.7334361,729
ΑΘΗΝΧΑΛΚ,38.0617246,23.7349712,732
ΑΘΗΝΧΑΛΚ,38.0613443,23.7347808,735
ΑΘΗΝΧΑΛΚ,38.0605877,23.7344033,738
ΑΘΗΝΧΑΛΚ,38.0602659,23.7342406,741
ΑΘΗΝΧΑΛΚ,38.0597984,23.7340156,744
ΑΘΗΝΧΑΛΚ,38.0595575,23.7339047,747
ΑΘΗΝΧΑΛΚ,38.0592534,23.7337813,750
ΑΘΗΝΧΑΛΚ,38.058945,23.733682,753
ΑΘΗΝΧΑΛΚ,38.0583917,23.7335506,756
ΑΘΗΝΧΑΛΚ,38.0803033,23.7437368,759
ΑΘΗΝΧΑΛΚ,38.0803062,23.7435715,762
ΑΘΗΝΧΑΛΚ,38.0803128,23.7434378,765
ΑΘΗΝΧΑΛΚ,38.0803227,23.7433093,768
ΑΘΗΝΧΑΛΚ,38.0803277,23.7431577,771
ΑΘΗΝΧΑΛΚ,38.0803277,23.7429956,774
ΑΘΗΝΧΑΛΚ,38.1255153,23.8358956,777
ΑΘΗΝΧΑΛΚ,38.124646,23.8343058,780
ΑΘΗΝΧΑΛΚ,38.1241874,23.8333618,783
ΑΘΗΝΧΑΛΚ,38.123763,23.8325255,786
ΑΘΗΝΧΑΛΚ,38.1234635,23.8316268,789
ΑΘΗΝΧΑΛΚ,38.1224899,23.827957,792
ΑΘΗΝΧΑΛΚ,38.1222152,23.8270583,795
ΑΘΗΝΧΑΛΚ,38.1219282,23.8262844,798
ΑΘΗΝΧΑΛΚ,38.1214414,23.8254356,801
ΑΘΗΝΧΑΛΚ,38.1200309,23.8238379,804
ΑΘΗΝΧΑΛΚ,38.1191197,23.8228643,807
ΑΘΗΝΧΑΛΚ,38.1185954,23.822053,810
ΑΘΗΝΧΑΛΚ,38.1181461,23.8210045,813
ΑΘΗΝΧΑΛΚ,38.117834,23.8197937,816
ΑΘΗΝΧΑΛΚ,38.1176842,23.8184581,819
ΑΘΗΝΧΑΛΚ,38.1174595,23.8171724,822
ΑΘΗΝΧΑΛΚ,38.1170351,23.8160241,825
ΑΘΗΝΧΑΛΚ,38.1165234,23.8150255,828
ΑΘΗΝΧΑΛΚ,38.1160491,23.813977,831
ΑΘΗΝΧΑΛΚ,38.1157245,23.8129285,834
ΑΘΗΝΧΑΛΚ,38.1154499,23.8113932,837
ΑΘΗΝΧΑΛΚ,38.1152252,23.8102199,840
ΑΘΗΝΧΑΛΚ,38.1149132,23.8090715,843
ΑΘΗΝΧΑΛΚ,38.1144261,23.8079246,846
ΑΘΗΝΧΑΛΚ,38.1262605,23.8373205,849
ΑΘΗΝΧΑΛΚ,38.1255153,23.8358956,852
ΑΘΗΝΧΑΛΚ,38.192731,23.8437469,855
ΑΘΗΝΧΑΛΚ,38.192472,23.843785,858
ΑΘΗΝΧΑΛΚ,38.192472,23.843785,861
ΑΘΗΝΧΑΛΚ,38.1909923,23.8440509,864
ΑΘΗΝΧΑΛΚ,38.1903371,23.8441634,867
ΑΘΗΝΧΑΛΚ,38.1901597,23.8441939,870
ΑΘΗΝΧΑΛΚ,38.1645206,23.8612943,873
ΑΘΗΝΧΑΛΚ,38.1641903,23.8617159,876
ΑΘΗΝΧΑΛΚ,38.1645206,23.8612943,879
ΑΘΗΝΧΑΛΚ,38.1647336,23.860979,882
ΑΘΗΝΧΑΛΚ,38.1649416,23.8606464,885
ΑΘΗΝΧΑΛΚ,38.1651396,23.8602929,888
ΑΘΗΝΧΑΛΚ,38.1653442,23.8599397,891
ΑΘΗΝΧΑΛΚ,38.165528,23.8596439,894
ΑΘΗΝΧΑΛΚ,38.1657901,23.8592537,897
ΑΘΗΝΧΑΛΚ,38.166013,23.8589795,900
ΑΘΗΝΧΑΛΚ,38.1662498,23.8587364,903
ΑΘΗΝΧΑΛΚ,38.1665399,23.8584833,906
ΑΘΗΝΧΑΛΚ,38.166886,23.8582366,909
ΑΘΗΝΧΑΛΚ,38.1672167,23.8580735,912
ΑΘΗΝΧΑΛΚ,38.1676891,23.8579276,915
ΑΘΗΝΧΑΛΚ,38.1684651,23.8577902,918
ΑΘΗΝΧΑΛΚ,38.1688025,23.8577302,921
ΑΘΗΝΧΑΛΚ,38.1691939,23.8576186,924
ΑΘΗΝΧΑΛΚ,38.1695987,23.8574126,927
ΑΘΗΝΧΑΛΚ,38.1699429,23.8571894,930
ΑΘΗΝΧΑΛΚ,38.1703477,23.8568633,933
ΑΘΗΝΧΑΛΚ,38.1706447,23.8565285,936
ΑΘΗΝΧΑΛΚ,38.1709146,23.856108,939
ΑΘΗΝΧΑΛΚ,38.1711234,23.8557462,942
ΑΘΗΝΧΑΛΚ,38.0959645,23.7746448,945
ΑΘΗΝΧΑΛΚ,38.0934618,23.7710653,948
ΑΘΗΝΧΑΛΚ,38.0911388,23.7677012,951
ΑΘΗΝΧΑΛΚ,38.0899146,23.7659179,954
ΑΘΗΝΧΑΛΚ,38.0860685,23.7594885,957
ΑΘΗΝΧΑΛΚ,38.0813356,23.7516229,960
ΑΘΗΝΧΑΛΚ,38.09623,23.7750233,963
ΑΘΗΝΧΑΛΚ,38.0959645,23.7746448,966
ΑΘΗΝΧΑΛΚ,38.1641903,23.8617159,969
ΑΘΗΝΧΑΛΚ,38.1638061,23.8621245,972
ΑΘΗΝΧΑΛΚ,38.1634917,23.8623994,975
ΑΘΗΝΧΑΛΚ,38.1630193,23.8627856,978
ΑΘΗΝΧΑΛΚ,38.1624794,23.8631289,981
ΑΘΗΝΧΑΛΚ,38.1615751,23.8635924,984
ΑΘΗΝΧΑΛΚ,38.1609879,23.8639014,987
ΑΘΗΝΧΑΛΚ,38.1605571,23.86427,990
ΑΘΗΝΧΑΛΚ,38.1601861,23.8645666,993
ΑΘΗΝΧΑΛΚ,38.1598676,23.8648562,996
ΑΘΗΝΧΑΛΚ,38.1595104,23.8652626,999
ΑΘΗΝΧΑΛΚ,38.1592149,23.8656687,1002
ΑΘΗΝΧΑΛΚ,38.1585324,23.8666147,1005
ΑΘΗΝΧΑΛΚ,38.1581075,23.8673524,1008
ΑΘΗΝΧΑΛΚ,38.1576595,23.8681875,1011
ΑΘΗΝΧΑΛΚ,38.1571681,23.8690942,1014
ΑΘΗΝΧΑΛΚ,38.1570381,23.8693545,1017
ΑΘΗΝΧΑΛΚ,38.1715063,23.8549734,1020
ΑΘΗΝΧΑΛΚ,38.1717321,23.8545368,1023
ΑΘΗΝΧΑΛΚ,38.1720684,23.8540566,1026
ΑΘΗΝΧΑΛΚ,38.1723181,23.8537734,1029
ΑΘΗΝΧΑΛΚ,38.1725745,23.8535159,1032
ΑΘΗΝΧΑΛΚ,38.1729254,23.8532412,1035
ΑΘΗΝΧΑΛΚ,38.1733775,23.8530009,1038
ΑΘΗΝΧΑΛΚ,38.17387,23.8527777,1041
ΑΘΗΝΧΑΛΚ,38.1743154,23.8526061,1044
ΑΘΗΝΧΑΛΚ,38.1745515,23.8524859,1047
ΑΘΗΝΧΑΛΚ,38.1748282,23.8523057,1050
ΑΘΗΝΧΑΛΚ,38.1751655,23.8520138,1053
ΑΘΗΝΧΑΛΚ,38.1755704,23.8515761,1056
ΑΘΗΝΧΑΛΚ,38.1763396,23.8506663,1059
ΑΘΗΝΧΑΛΚ,38.1767444,23.8502715,1062
ΑΘΗΝΧΑΛΚ,38.1771627,23.8499539,1065
ΑΘΗΝΧΑΛΚ,38.1776215,23.8496964,1068
ΑΘΗΝΧΑΛΚ,38.1779386,23.8495677,1071
ΑΘΗΝΧΑΛΚ,38.1795174,23.848984,1074
ΑΘΗΝΧΑΛΚ,38.179929,23.8487952,1077
ΑΘΗΝΧΑΛΚ,38.1803203,23.8485892,1080
ΑΘΗΝΧΑΛΚ,38.1807521,23.8483145,1083
ΑΘΗΝΧΑΛΚ,38.1814066,23.8478511,1086
ΑΘΗΝΧΑΛΚ,38.1843549,23.8456795,1089
ΑΘΗΝΧΑΛΚ,38.1846517,23.8454735,1092
ΑΘΗΝΧΑΛΚ,38.184962,23.8452847,1095
ΑΘΗΝΧΑΛΚ,38.1852184,23.845156,1098
ΑΘΗΝΧΑΛΚ,38.1855422,23.8450358,1101
ΑΘΗΝΧΑΛΚ,38.1858526,23.8449414,1104
ΑΘΗΝΧΑΛΚ,38.1861494,23.8448727,1107
ΑΘΗΝΧΑΛΚ,38.1864328,23.8448268,1110
ΑΘΗΝΧΑΛΚ,38.2770133,23.6701178,1113
ΑΘΗΝΧΑΛΚ,38.2768134,23.6702485,1116
ΑΘΗΝΧΑΛΚ,38.2764698,23.6704888,1119
ΑΘΗΝΧΑΛΚ,38.276052,23.6707978,1122
ΑΘΗΝΧΑΛΚ,38.2755736,23.6712012,1125
ΑΘΗΝΧΑΛΚ,38.2752502,23.6715188,1128
ΑΘΗΝΧΑΛΚ,38.274819,23.6719651,1131
ΑΘΗΝΧΑΛΚ,38.2744147,23.6724457,1134
ΑΘΗΝΧΑΛΚ,38.2740373,23.672892,1137
ΑΘΗΝΧΑΛΚ,38.2735724,23.6734843,1140
ΑΘΗΝΧΑΛΚ,38.2732759,23.6738619,1143
ΑΘΗΝΧΑΛΚ,38.272939,23.6742653,1146
ΑΘΗΝΧΑΛΚ,38.2726627,23.6745228,1149
ΑΘΗΝΧΑΛΚ,38.2723056,23.6747975,1152
ΑΘΗΝΧΑΛΚ,38.2720428,23.6749863,1155
ΑΘΗΝΧΑΛΚ,38.2716318,23.6751837,1158
ΑΘΗΝΧΑΛΚ,38.2711601,23.6753726,1161
ΑΘΗΝΧΑΛΚ,38.2707153,23.6754927,1164
ΑΘΗΝΧΑΛΚ,38.2702302,23.6755442,1167
ΑΘΗΝΧΑΛΚ,38.2696978,23.6755356,1170
ΑΘΗΝΧΑΛΚ,38.2688824,23.6753811,1173
ΑΘΗΝΧΑΛΚ,38.2683972,23.6752953,1176
ΑΘΗΝΧΑΛΚ,38.2679457,23.6752524,1179
ΑΘΗΝΧΑΛΚ,38.2675414,23.6752438,1182
ΑΘΗΝΧΑΛΚ,38.2670562,23.6752781,1185
ΑΘΗΝΧΑΛΚ,38.2665643,23.6753811,1188
ΑΘΗΝΧΑΛΚ,38.2655737,23.6755871,1191
ΑΘΗΝΧΑΛΚ,38.2631745,23.6761536,1194
ΑΘΗΝΧΑΛΚ,38.2580121,23.6773209,1197
ΑΘΗΝΧΑΛΚ,38.2576145,23.6774411,1200
ΑΘΗΝΧΑΛΚ,38.2572505,23.677587,1203
ΑΘΗΝΧΑΛΚ,38.2568664,23.677793,1206
ΑΘΗΝΧΑΛΚ,38.2565092,23.6780505,1209
ΑΘΗΝΧΑΛΚ,38.2562194,23.6782822,1212
ΑΘΗΝΧΑΛΚ,38.2559093,23.678574,1215
ΑΘΗΝΧΑΛΚ,38.2556734,23.6788401,1218
ΑΘΗΝΧΑΛΚ,38.2554712,23.6791319,1221
ΑΘΗΝΧΑΛΚ,38.2552286,23.6795096,1224
ΑΘΗΝΧΑΛΚ,38.254959,23.6800246,1227
ΑΘΗΝΧΑΛΚ,38.2547163,23.6806426,1230
ΑΘΗΝΧΑΛΚ,38.2545276,23.6812777,1233
ΑΘΗΝΧΑΛΚ,38.2544265,23.6818099,1236
ΑΘΗΝΧΑΛΚ,38.2543119,23.6827025,1239
ΑΘΗΝΧΑΛΚ,38.2541771,23.6838355,1242
ΑΘΗΝΧΑΛΚ,38.2540086,23.6852517,1245
ΑΘΗΝΧΑΛΚ,38.2539345,23.68611,1248
ΑΘΗΝΧΑΛΚ,38.2538941,23.686831,1251
ΑΘΗΝΧΑΛΚ,38.2539008,23.6875433,1254
ΑΘΗΝΧΑΛΚ,38.2539278,23.6881699,1257
ΑΘΗΝΧΑΛΚ,38.2540221,23.6891913,1260
ΑΘΗΝΧΑΛΚ,38.25413,23.6899895,1263
ΑΘΗΝΧΑΛΚ,38.2541704,23.6904702,1266
ΑΘΗΝΧΑΛΚ,38.2541704,23.6910538,1269
ΑΘΗΝΧΑΛΚ,38.2541367,23.6915001,1272
ΑΘΗΝΧΑΛΚ,38.2540491,23.6919722,1275
ΑΘΗΝΧΑΛΚ,38.2539547,23.6923842,1278
ΑΘΗΝΧΑΛΚ,38.2538334,23.6927619,1281
ΑΘΗΝΧΑΛΚ,38.2537256,23.6930022,1284
ΑΘΗΝΧΑΛΚ,38.2535975,23.693294,1287
ΑΘΗΝΧΑΛΚ,38.2533751,23.6936802,1290
ΑΘΗΝΧΑΛΚ,38.2531324,23.6940321,1293
ΑΘΗΝΧΑΛΚ,38.2528359,23.6943583,1296
ΑΘΗΝΧΑΛΚ,38.2524652,23.6946759,1299
ΑΘΗΝΧΑΛΚ,38.2521686,23.6949076,1302
ΑΘΗΝΧΑΛΚ,38.2517642,23.6951308,1305
ΑΘΗΝΧΑΛΚ,38.2507599,23.6955771,1308
ΑΘΗΝΧΑΛΚ,38.2505382,23.6956698,1311
ΑΘΗΝΧΑΛΚ,38.2491949,23.696226,1314
ΑΘΗΝΧΑΛΚ,38.2484411,23.696547,1317
ΑΘΗΝΧΑΛΚ,38.2480772,23.6967358,1320
ΑΘΗΝΧΑΛΚ,38.2476727,23.6970105,1323
ΑΘΗΝΧΑΛΚ,38.2472885,23.6973538,1326
ΑΘΗΝΧΑΛΚ,38.2469649,23.69768,1329
ΑΘΗΝΧΑΛΚ,38.2466346,23.6981177,1332
ΑΘΗΝΧΑΛΚ,38.2463785,23.6985468,1335
ΑΘΗΝΧΑΛΚ,38.2460752,23.6991477,1338
ΑΘΗΝΧΑΛΚ,38.2458527,23.6997141,1341
ΑΘΗΝΧΑΛΚ,38.2456842,23.700315,1344
ΑΘΗΝΧΑΛΚ,38.2455831,23.7008471,1347
ΑΘΗΝΧΑΛΚ,38.2455292,23.701302,1350
ΑΘΗΝΧΑΛΚ,38.2455022,23.7019286,1353
ΑΘΗΝΧΑΛΚ,38.2455224,23.702907,1356
ΑΘΗΝΧΑΛΚ,38.2455224,23.7032504,1359
ΑΘΗΝΧΑΛΚ,38.2455022,23.7036967,1362
ΑΘΗΝΧΑΛΚ,38.2454617,23.7041087,1365
ΑΘΗΝΧΑΛΚ,38.2453943,23.7045378,1368
ΑΘΗΝΧΑΛΚ,38.2453,23.7049069,1371
ΑΘΗΝΧΑΛΚ,38.2451854,23.7053275,1374
ΑΘΗΝΧΑΛΚ,38.2450371,23.7057995,1377
ΑΘΗΝΧΑΛΚ,38.2449023,23.7063231,1380
ΑΘΗΝΧΑΛΚ,38.2447944,23.7068724,1383
ΑΘΗΝΧΑΛΚ,38.2447203,23.7075076,1386
ΑΘΗΝΧΑΛΚ,38.2447,23.7081084,1389
ΑΘΗΝΧΑΛΚ,38.2447,23.7088465,1392
ΑΘΗΝΧΑΛΚ,38.2446865,23.7095418,1395
ΑΘΗΝΧΑΛΚ,38.2446528,23.710031,1398
ΑΘΗΝΧΑΛΚ,38.2445854,23.7105116,1401
ΑΘΗΝΧΑΛΚ,38.2444776,23.711061,1404
ΑΘΗΝΧΑΛΚ,38.244336,23.7116875,1407
ΑΘΗΝΧΑΛΚ,38.2441608,23.7123227,1410
ΑΘΗΝΧΑΛΚ,38.2438372,23.713181,1413
ΑΘΗΝΧΑΛΚ,38.2435743,23.7137904,1416
ΑΘΗΝΧΑΛΚ,38.2432575,23.7144255,1419
ΑΘΗΝΧΑΛΚ,38.2429946,23.7148718,1422
ΑΘΗΝΧΑΛΚ,38.2427721,23.7152581,1425
ΑΘΗΝΧΑΛΚ,38.2424283,23.7157387,1428
ΑΘΗΝΧΑΛΚ,38.2416733,23.7167429,1431
ΑΘΗΝΧΑΛΚ,38.2413093,23.7172665,1434
ΑΘΗΝΧΑΛΚ,38.2410261,23.7177386,1437
ΑΘΗΝΧΑΛΚ,38.2407969,23.7182021,1440
ΑΘΗΝΧΑΛΚ,38.2406082,23.7186312,1443
ΑΘΗΝΧΑΛΚ,38.2404801,23.7190003,1446
ΑΘΗΝΧΑΛΚ,38.2403385,23.7194123,1449
ΑΘΗΝΧΑΛΚ,38.2402104,23.7199187,1452
ΑΘΗΝΧΑΛΚ,38.239934,23.7210001,1455
ΑΘΗΝΧΑΛΚ,38.2395633,23.7223391,1458
ΑΘΗΝΧΑΛΚ,38.2389835,23.724545,1461
ΑΘΗΝΧΑΛΚ,38.238788,23.7251715,1464
ΑΘΗΝΧΑΛΚ,38.2386397,23.7256007,1467
ΑΘΗΝΧΑΛΚ,38.2384914,23.7260642,1470
ΑΘΗΝΧΑΛΚ,38.2382756,23.7265963,1473
ΑΘΗΝΧΑΛΚ,38.237979,23.7273087,1476
ΑΘΗΝΧΑΛΚ,38.2377768,23.7277979,1479
ΑΘΗΝΧΑΛΚ,38.2376352,23.7281842,1482
ΑΘΗΝΧΑΛΚ,38.2374801,23.7286992,1485
ΑΘΗΝΧΑΛΚ,38.2373655,23.7292056,1488
ΑΘΗΝΧΑΛΚ,38.2372981,23.7296776,1491
ΑΘΗΝΧΑΛΚ,38.2372374,23.7304244,1494
ΑΘΗΝΧΑΛΚ,38.2372442,23.7310338,1497
ΑΘΗΝΧΑΛΚ,38.2372914,23.7315573,1500
ΑΘΗΝΧΑΛΚ,38.237406,23.7321581,1503
ΑΘΗΝΧΑΛΚ,38.2375408,23.7328276,1506
ΑΘΗΝΧΑΛΚ,38.2376487,23.733334,1509
ΑΘΗΝΧΑΛΚ,38.2378442,23.7342438,1512
ΑΘΗΝΧΑΛΚ,38.2379116,23.7346558,1515
ΑΘΗΝΧΑΛΚ,38.2379858,23.7351193,1518
ΑΘΗΝΧΑΛΚ,38.2380195,23.735497,1521
ΑΘΗΝΧΑΛΚ,38.238033,23.7360034,1524
ΑΘΗΝΧΑΛΚ,38.2380127,23.7364583,1527
ΑΘΗΝΧΑΛΚ,38.237979,23.7368531,1530
ΑΘΗΝΧΑΛΚ,38.2379251,23.7372221,1533
ΑΘΗΝΧΑΛΚ,38.2378307,23.7376513,1536
ΑΘΗΝΧΑΛΚ,38.2376824,23.7383122,1539
ΑΘΗΝΧΑΛΚ,38.2375745,23.7388529,1542
ΑΘΗΝΧΑΛΚ,38.2375139,23.7393593,1545
ΑΘΗΝΧΑΛΚ,38.2374936,23.7399994,1548
ΑΘΗΝΧΑΛΚ,38.2375071,23.740561,1551
ΑΘΗΝΧΑΛΚ,38.2375341,23.741342,1554
ΑΘΗΝΧΑΛΚ,38.2377026,23.7462172,1557
ΑΘΗΝΧΑΛΚ,38.2377161,23.7469382,1560
ΑΘΗΝΧΑΛΚ,38.2377498,23.7475905,1563
ΑΘΗΝΧΑΛΚ,38.2378037,23.7483887,1566
ΑΘΗΝΧΑΛΚ,38.2378914,23.7494616,1569
ΑΘΗΝΧΑΛΚ,38.237979,23.7504057,1572
ΑΘΗΝΧΑΛΚ,38.2380532,23.7512469,1575
ΑΘΗΝΧΑΛΚ,38.2380801,23.7517361,1578
ΑΘΗΝΧΑΛΚ,38.2380936,23.7522168,1581
ΑΘΗΝΧΑΛΚ,38.2380869,23.7527918,1584
ΑΘΗΝΧΑΛΚ,38.2380532,23.7534527,1587
ΑΘΗΝΧΑΛΚ,38.2379521,23.7545256,1590
ΑΘΗΝΧΑΛΚ,38.2378307,23.7557873,1593
ΑΘΗΝΧΑΛΚ,38.2376757,23.7572722,1596
ΑΘΗΝΧΑΛΚ,38.237615,23.758079,1599
ΑΘΗΝΧΑΛΚ,38.237615,23.7589116,1602
ΑΘΗΝΧΑΛΚ,38.2376285,23.7594523,1605
ΑΘΗΝΧΑΛΚ,38.2376689,23.7600789,1608
ΑΘΗΝΧΑΛΚ,38.2378037,23.7610316,1611
ΑΘΗΝΧΑΛΚ,38.2378712,23.7616324,1614
ΑΘΗΝΧΑΛΚ,38.2379116,23.7620959,1617
ΑΘΗΝΧΑΛΚ,38.2379183,23.7624306,1620
ΑΘΗΝΧΑΛΚ,38.2379116,23.7627997,1623
ΑΘΗΝΧΑΛΚ,38.2378846,23.7632546,1626
ΑΘΗΝΧΑΛΚ,38.2378374,23.763555,1629
ΑΘΗΝΧΑΛΚ,38.2377161,23.7643361,1632
ΑΘΗΝΧΑΛΚ,38.2374734,23.7655377,1635
ΑΘΗΝΧΑΛΚ,38.2373049,23.7663874,1638
ΑΘΗΝΧΑΛΚ,38.2372105,23.7670311,1641
ΑΘΗΝΧΑΛΚ,38.2371633,23.7675375,1644
ΑΘΗΝΧΑΛΚ,38.2371296,23.7679581,1647
ΑΘΗΝΧΑΛΚ,38.2371026,23.7684817,1650
ΑΘΗΝΧΑΛΚ,38.2370959,23.7693314,1653
ΑΘΗΝΧΑΛΚ,38.2371161,23.7699666,1656
ΑΘΗΝΧΑΛΚ,38.2371903,23.7707905,1659
ΑΘΗΝΧΑΛΚ,38.2373858,23.7723097,1662
ΑΘΗΝΧΑΛΚ,38.2374532,23.7729191,1665
ΑΘΗΝΧΑΛΚ,38.2375206,23.7735886,1668
ΑΘΗΝΧΑΛΚ,38.2375341,23.7740349,1671
ΑΘΗΝΧΑΛΚ,38.2375273,23.7745156,1674
ΑΘΗΝΧΑΛΚ,38.2374869,23.775022,1677
ΑΘΗΝΧΑΛΚ,38.2374262,23.7754168,1680
ΑΘΗΝΧΑΛΚ,38.2373183,23.7758803,1683
ΑΘΗΝΧΑΛΚ,38.2372172,23.7761979,1686
ΑΘΗΝΧΑΛΚ,38.2370285,23.7766957,1689
ΑΘΗΝΧΑΛΚ,38.2367925,23.7772622,1692
ΑΘΗΝΧΑΛΚ,38.2365093,23.7779574,1695
ΑΘΗΝΧΑΛΚ,38.2363341,23.778438,1698
ΑΘΗΝΧΑΛΚ,38.2360914,23.7792363,1701
ΑΘΗΝΧΑΛΚ,38.2359768,23.7796568,1704
ΑΘΗΝΧΑΛΚ,38.2358487,23.7801976,1707
ΑΘΗΝΧΑΛΚ,38.2357475,23.7807211,1710
ΑΘΗΝΧΑΛΚ,38.2356532,23.781322,1713
ΑΘΗΝΧΑΛΚ,38.2355857,23.7819142,1716
ΑΘΗΝΧΑΛΚ,38.2355385,23.7824549,1719
ΑΘΗΝΧΑΛΚ,38.2354779,23.7833046,1722
ΑΘΗΝΧΑΛΚ,38.2354307,23.7839741,1725
ΑΘΗΝΧΑΛΚ,38.2354037,23.7844119,1728
ΑΘΗΝΧΑΛΚ,38.2353633,23.7850728,1731
ΑΘΗΝΧΑΛΚ,38.2353295,23.7857594,1734
ΑΘΗΝΧΑΛΚ,38.2352824,23.7863516,1737
ΑΘΗΝΧΑΛΚ,38.2352015,23.7868924,1740
ΑΘΗΝΧΑΛΚ,38.2351138,23.7873816,1743
ΑΘΗΝΧΑΛΚ,38.2349992,23.7877593,1746
ΑΘΗΝΧΑΛΚ,38.2348374,23.7882227,1749
ΑΘΗΝΧΑΛΚ,38.2346554,23.7886433,1752
ΑΘΗΝΧΑΛΚ,38.2344059,23.7890982,1755
ΑΘΗΝΧΑΛΚ,38.234143,23.7894759,1758
ΑΘΗΝΧΑΛΚ,38.2338329,23.7898364,1761
ΑΘΗΝΧΑΛΚ,38.2335834,23.7900767,1764
ΑΘΗΝΧΑΛΚ,38.2333272,23.7902913,1767
ΑΘΗΝΧΑΛΚ,38.2327609,23.7906518,1770
ΑΘΗΝΧΑΛΚ,38.2325923,23.7907719,1773
ΑΘΗΝΧΑΛΚ,38.2323429,23.7909779,1776
ΑΘΗΝΧΑΛΚ,38.2321136,23.7912011,1779
ΑΘΗΝΧΑΛΚ,38.2318979,23.79145,1782
ΑΘΗΝΧΑΛΚ,38.2317091,23.7916903,1785
ΑΘΗΝΧΑΛΚ,38.2315136,23.7920079,1788
ΑΘΗΝΧΑΛΚ,38.2313383,23.7923426,1791
ΑΘΗΝΧΑΛΚ,38.23119,23.7926945,1794
ΑΘΗΝΧΑΛΚ,38.2310821,23.7929606,1797
ΑΘΗΝΧΑΛΚ,38.2309473,23.7934927,1800
ΑΘΗΝΧΑΛΚ,38.2308798,23.7939477,1803
ΑΘΗΝΧΑΛΚ,38.2308394,23.7943511,1806
ΑΘΗΝΧΑΛΚ,38.2308124,23.7949261,1809
ΑΘΗΝΧΑΛΚ,38.230772,23.7954497,1812
ΑΘΗΝΧΑΛΚ,38.2307248,23.7958703,1815
ΑΘΗΝΧΑΛΚ,38.2305899,23.7964539,1818
ΑΘΗΝΧΑΛΚ,38.2304281,23.797029,1821
ΑΘΗΝΧΑΛΚ,38.2302326,23.7975096,1824
ΑΘΗΝΧΑΛΚ,38.2300033,23.7979731,1827
ΑΘΗΝΧΑΛΚ,38.2297269,23.798428,1830
ΑΘΗΝΧΑΛΚ,38.2294977,23.7987284,1833
ΑΘΗΝΧΑΛΚ,38.2287021,23.7997326,1836
ΑΘΗΝΧΑΛΚ,38.2282908,23.8002562,1839
ΑΘΗΝΧΑΛΚ,38.2280615,23.8006253,1842
ΑΘΗΝΧΑΛΚ,38.2278795,23.8009772,1845
ΑΘΗΝΧΑΛΚ,38.2276502,23.8015265,1848
ΑΘΗΝΧΑΛΚ,38.2275289,23.8019471,1851
ΑΘΗΝΧΑΛΚ,38.2274547,23.8023333,1854
ΑΘΗΝΧΑΛΚ,38.227394,23.8027968,1857
ΑΘΗΝΧΑΛΚ,38.2273805,23.8031916,1860
ΑΘΗΝΧΑΛΚ,38.2274008,23.8037495,1863
ΑΘΗΝΧΑΛΚ,38.2274412,23.8044276,1866
ΑΘΗΝΧΑΛΚ,38.2274749,23.8049597,1869
ΑΘΗΝΧΑΛΚ,38.2274952,23.8055605,1872
ΑΘΗΝΧΑΛΚ,38.2274884,23.8059811,1875
ΑΘΗΝΧΑΛΚ,38.2274615,23.8062901,1878
ΑΘΗΝΧΑΛΚ,38.2274008,23.8068051,1881
ΑΘΗΝΧΑΛΚ,38.2273401,23.8072171,1884
ΑΘΗΝΧΑΛΚ,38.2272659,23.8077578,1887
ΑΘΗΝΧΑΛΚ,38.2271783,23.8083157,1890
ΑΘΗΝΧΑΛΚ,38.2270974,23.8088135,1893
ΑΘΗΝΧΑΛΚ,38.2270502,23.8093543,1896
ΑΘΗΝΧΑΛΚ,38.2270299,23.8097748,1899
ΑΘΗΝΧΑΛΚ,38.2270299,23.8102383,1902
ΑΘΗΝΧΑΛΚ,38.2270636,23.8107018,1905
ΑΘΗΝΧΑΛΚ,38.2271108,23.8111567,1908
ΑΘΗΝΧΑΛΚ,38.2271918,23.8116717,1911
ΑΘΗΝΧΑΛΚ,38.2272929,23.8121953,1914
ΑΘΗΝΧΑΛΚ,38.2274547,23.8128562,1917
ΑΘΗΝΧΑΛΚ,38.2276368,23.8135685,1920
ΑΘΗΝΧΑΛΚ,38.2277446,23.8141179,1923
ΑΘΗΝΧΑΛΚ,38.2277986,23.8147101,1926
ΑΘΗΝΧΑΛΚ,38.2278121,23.8149504,1929
ΑΘΗΝΧΑΛΚ,38.2278121,23.8153023,1932
ΑΘΗΝΧΑΛΚ,38.2277918,23.8157401,1935
ΑΘΗΝΧΑΛΚ,38.2277312,23.8162035,1938
ΑΘΗΝΧΑΛΚ,38.22763,23.8169074,1941
ΑΘΗΝΧΑΛΚ,38.2275424,23.817491,1944
ΑΘΗΝΧΑΛΚ,38.2274884,23.8179631,1947
ΑΘΗΝΧΑΛΚ,38.2274615,23.8184437,1950
ΑΘΗΝΧΑΛΚ,38.2274547,23.8187441,1953
ΑΘΗΝΧΑΛΚ,38.2273805,23.82095,1956
ΑΘΗΝΧΑΛΚ,38.2273333,23.8221516,1959
ΑΘΗΝΧΑΛΚ,38.2273199,23.8228297,1962
ΑΘΗΝΧΑΛΚ,38.2273266,23.8231902,1965
ΑΘΗΝΧΑΛΚ,38.2273401,23.823482,1968
ΑΘΗΝΧΑΛΚ,38.2273805,23.8237738,1971
ΑΘΗΝΧΑΛΚ,38.2274345,23.8240656,1974
ΑΘΗΝΧΑΛΚ,38.2274884,23.8243489,1977
ΑΘΗΝΧΑΛΚ,38.2275828,23.8247609,1980
ΑΘΗΝΧΑΛΚ,38.2280413,23.8267436,1983
ΑΘΗΝΧΑΛΚ,38.2282638,23.8277993,1986
ΑΘΗΝΧΑΛΚ,38.228547,23.8290953,1989
ΑΘΗΝΧΑΛΚ,38.2286346,23.8294987,1992
ΑΘΗΝΧΑΛΚ,38.2287358,23.8299794,1995
ΑΘΗΝΧΑΛΚ,38.2288302,23.8304429,1998
ΑΘΗΝΧΑΛΚ,38.2289111,23.8308978,2001
ΑΘΗΝΧΑΛΚ,38.2289785,23.8313956,2004
ΑΘΗΝΧΑΛΚ,38.229019,23.8318505,2007
ΑΘΗΝΧΑΛΚ,38.2290527,23.8322796,2010
ΑΘΗΝΧΑΛΚ,38.2290999,23.8336787,2013
ΑΘΗΝΧΑΛΚ,38.2291673,23.8357214,2016
ΑΘΗΝΧΑΛΚ,38.2291875,23.8362622,2019
ΑΘΗΝΧΑΛΚ,38.2292347,23.8376441,2022
ΑΘΗΝΧΑΛΚ,38.2292549,23.8381247,2025
ΑΘΗΝΧΑΛΚ,38.229228,23.8387684,2028
ΑΘΗΝΧΑΛΚ,38.229201,23.8392663,2031
ΑΘΗΝΧΑΛΚ,38.2291673,23.8397984,2034
ΑΘΗΝΧΑΛΚ,38.2291066,23.8403477,2037
ΑΘΗΝΧΑΛΚ,38.2290122,23.8408713,2040
ΑΘΗΝΧΑΛΚ,38.2288976,23.841515,2043
ΑΘΗΝΧΑΛΚ,38.2287965,23.8420043,2046
ΑΘΗΝΧΑΛΚ,38.2286818,23.842442,2049
ΑΘΗΝΧΑΛΚ,38.2284391,23.8433089,2052
ΑΘΗΝΧΑΛΚ,38.2282301,23.8439869,2055
ΑΘΗΝΧΑΛΚ,38.2279065,23.8448195,2058
ΑΘΗΝΧΑΛΚ,38.2277379,23.8451457,2061
ΑΘΗΝΧΑΛΚ,38.2273738,23.8458323,2064
ΑΘΗΝΧΑΛΚ,38.2271918,23.8461585,2067
ΑΘΗΝΧΑΛΚ,38.2267872,23.8467764,2070
ΑΘΗΝΧΑΛΚ,38.2259107,23.8480038,2073
ΑΘΗΝΧΑΛΚ,38.2256409,23.8483901,2076
ΑΘΗΝΧΑΛΚ,38.2252701,23.848905,2079
ΑΘΗΝΧΑΛΚ,38.2248588,23.8494544,2082
ΑΘΗΝΧΑΛΚ,38.2246295,23.8497204,2085
ΑΘΗΝΧΑΛΚ,38.2244273,23.849935,2088
ΑΘΗΝΧΑΛΚ,38.2242047,23.8501238,2091
ΑΘΗΝΧΑΛΚ,38.2239957,23.8502697,2094
ΑΘΗΝΧΑΛΚ,38.223726,23.8504414,2097
ΑΘΗΝΧΑΛΚ,38.2233282,23.8506732,2100
ΑΘΗΝΧΑΛΚ,38.2230585,23.8508105,2103
ΑΘΗΝΧΑΛΚ,38.2226336,23.8509221,2106
ΑΘΗΝΧΑΛΚ,38.2222223,23.8509907,2109
ΑΘΗΝΧΑΛΚ,38.2219931,23.8510251,2112
ΑΘΗΝΧΑΛΚ,38.2216694,23.8510079,2115
ΑΘΗΝΧΑΛΚ,38.2212109,23.8509392,2118
ΑΘΗΝΧΑΛΚ,38.2208198,23.8508191,2121
ΑΘΗΝΧΑΛΚ,38.2203545,23.8506131,2124
ΑΘΗΝΧΑΛΚ,38.2199566,23.8503899,2127
ΑΘΗΝΧΑΛΚ,38.2196734,23.8502011,2130
ΑΘΗΝΧΑΛΚ,38.2193339,23.8499797,2133
ΑΘΗΝΧΑΛΚ,38.2190641,23.8498423,2136
ΑΘΗΝΧΑΛΚ,38.2186865,23.8496878,2139
ΑΘΗΝΧΑΛΚ,38.2182549,23.8495848,2142
ΑΘΗΝΧΑΛΚ,38.2178234,23.8495505,2145
ΑΘΗΝΧΑΛΚ,38.2173109,23.8495677,2148
ΑΘΗΝΧΑΛΚ,38.2163668,23.8496278,2151
ΑΘΗΝΧΑΛΚ,38.215834,23.8495848,2154
ΑΘΗΝΧΑΛΚ,38.2154429,23.849499,2157
ΑΘΗΝΧΑΛΚ,38.2150113,23.8493359,2160
ΑΘΗΝΧΑΛΚ,38.214283,23.8489926,2163
ΑΘΗΝΧΑΛΚ,38.2138986,23.8488295,2166
ΑΘΗΝΧΑΛΚ,38.2134265,23.8487265,2169
ΑΘΗΝΧΑΛΚ,38.2130017,23.8486836,2172
ΑΘΗΝΧΑΛΚ,38.2125161,23.8487351,2175
ΑΘΗΝΧΑΛΚ,38.2119429,23.8489068,2178
ΑΘΗΝΧΑΛΚ,38.2115315,23.8490956,2181
ΑΘΗΝΧΑΛΚ,38.2111538,23.8493617,2184
ΑΘΗΝΧΑΛΚ,38.2108234,23.8496707,2187
ΑΘΗΝΧΑΛΚ,38.2100545,23.8506234,2190
ΑΘΗΝΧΑΛΚ,38.2097376,23.8509925,2193
ΑΘΗΝΧΑΛΚ,38.2094678,23.8512671,2196
ΑΘΗΝΧΑΛΚ,38.2091576,23.8515332,2199
ΑΘΗΝΧΑΛΚ,38.2086383,23.8519023,2202
ΑΘΗΝΧΑΛΚ,38.2081729,23.8521426,2205
ΑΘΗΝΧΑΛΚ,38.2063789,23.8527262,2208
ΑΘΗΝΧΑΛΚ,38.2057921,23.8528636,2211
ΑΘΗΝΧΑΛΚ,38.205266,23.8528979,2214
ΑΘΗΝΧΑΛΚ,38.2047872,23.8528464,2217
ΑΘΗΝΧΑΛΚ,38.2043151,23.8527262,2220
ΑΘΗΝΧΑΛΚ,38.2038766,23.852546,2223
ΑΘΗΝΧΑΛΚ,38.2034315,23.8523057,2226
ΑΘΗΝΧΑΛΚ,38.2030268,23.8519967,2229
ΑΘΗΝΧΑΛΚ,38.2027165,23.8517306,2232
ΑΘΗΝΧΑΛΚ,38.2024468,23.8514302,2235
ΑΘΗΝΧΑΛΚ,38.2022174,23.8511555,2238
ΑΘΗΝΧΑΛΚ,38.2019679,23.8507865,2241
ΑΘΗΝΧΑΛΚ,38.2016374,23.8502629,2244
ΑΘΗΝΧΑΛΚ,38.2013069,23.8496278,2247
ΑΘΗΝΧΑΛΚ,38.2010303,23.8490184,2250
ΑΘΗΝΧΑΛΚ,38.2007808,23.8485034,2253
ΑΘΗΝΧΑΛΚ,38.2005312,23.8481343,2256
ΑΘΗΝΧΑΛΚ,38.1992429,23.8463576,2259
ΑΘΗΝΧΑΛΚ,38.1988989,23.8458598,2262
ΑΘΗΝΧΑΛΚ,38.1985144,23.8453877,2265
ΑΘΗΝΧΑΛΚ,38.1979546,23.8448298,2268
ΑΘΗΝΧΑΛΚ,38.1974756,23.8444522,2271
ΑΘΗΝΧΑΛΚ,38.1970507,23.8441775,2274
ΑΘΗΝΧΑΛΚ,38.1965515,23.84392,2277
ΑΘΗΝΧΑΛΚ,38.1959331,23.8436647,2280
ΑΘΗΝΧΑΛΚ,38.1954212,23.8435477,2283
ΑΘΗΝΧΑΛΚ,38.1950958,23.8434995,2286
ΑΘΗΝΧΑΛΚ,38.1945389,23.8434973,2289
ΑΘΗΝΧΑΛΚ,38.1939478,23.8435595,2292
ΑΘΗΝΧΑΛΚ,38.1934727,23.8436096,2295
ΑΘΗΝΧΑΛΚ,38.192731,23.8437469,2298
ΑΘΗΝΧΑΛΚ,38.1558655,23.8705962,2301
ΑΘΗΝΧΑΛΚ,38.155717,23.8706734,2304
ΑΘΗΝΧΑΛΚ,38.1555281,23.8707507,2307
ΑΘΗΝΧΑΛΚ,38.1553121,23.8708022,2310
ΑΘΗΝΧΑΛΚ,38.1553121,23.8708022,2313
ΑΘΗΝΧΑΛΚ,38.1550624,23.8708451,2316
ΑΘΗΝΧΑΛΚ,38.1546911,23.8708365,2319
ΑΘΗΝΧΑΛΚ,38.1542862,23.870785,2322
ΑΘΗΝΧΑΛΚ,38.1540297,23.8707078,2325
ΑΘΗΝΧΑΛΚ,38.1570381,23.8693545,2328
ΑΘΗΝΧΑΛΚ,38.1568171,23.8697379,2331
ΑΘΗΝΧΑΛΚ,38.1565944,23.8699954,2334
ΑΘΗΝΧΑΛΚ,38.1563649,23.8702185,2337
ΑΘΗΝΧΑΛΚ,38.1560815,23.8704674,2340
ΑΘΗΝΧΑΛΚ,38.1558655,23.8705962,2343
ΑΘΗΝΧΑΛΚ,38.1540297,23.8707078,2346
ΑΘΗΝΧΑΛΚ,38.1537058,23.8705533,2349
ΑΘΗΝΧΑΛΚ,38.153321,23.8703044,2352
ΑΘΗΝΧΑΛΚ,38.1529228,23.8700469,2355
ΑΘΗΝΧΑΛΚ,38.1526731,23.869901,2358
ΑΘΗΝΧΑΛΚ,38.1523559,23.869755,2361
ΑΘΗΝΧΑΛΚ,38.1521061,23.8696692,2364
ΑΘΗΝΧΑΛΚ,38.1519239,23.8696177,2367
ΑΘΗΝΧΑΛΚ,38.1517214,23.8695748,2370
ΑΘΗΝΧΑΛΚ,38.1514312,23.8695491,2373
ΑΘΗΝΧΑΛΚ,38.1511005,23.8695834,2376
ΑΘΗΝΧΑΛΚ,38.150817,23.8696435,2379
ΑΘΗΝΧΑΛΚ,38.1505065,23.8697379,2382
ΑΘΗΝΧΑΛΚ,38.1501015,23.8698752,2385
ΑΘΗΝΧΑΛΚ,38.1496088,23.8700297,2388
ΑΘΗΝΧΑΛΚ,38.1492713,23.8700984,2391
ΑΘΗΝΧΑΛΚ,38.1489338,23.8700984,2394
ΑΘΗΝΧΑΛΚ,38.1486773,23.8700726,2397
ΑΘΗΝΧΑΛΚ,38.1483736,23.8700297,2400
ΑΘΗΝΧΑΛΚ,38.1481171,23.8699696,2403
ΑΘΗΝΧΑΛΚ,38.1478876,23.8699181,2406
ΑΘΗΝΧΑΛΚ,38.1476513,23.8698065,2409
ΑΘΗΝΧΑΛΚ,38.1474556,23.8696864,2412
ΑΘΗΝΧΑΛΚ,38.1471856,23.8695147,2415
ΑΘΗΝΧΑΛΚ,38.1469696,23.8693516,2418
ΑΘΗΝΧΑΛΚ,38.1467468,23.8691542,2421
ΑΘΗΝΧΑΛΚ,38.1464836,23.8688624,2424
ΑΘΗΝΧΑΛΚ,38.1462878,23.8686221,2427
ΑΘΗΝΧΑΛΚ,38.1460786,23.8682873,2430
ΑΘΗΝΧΑΛΚ,38.1458963,23.8679955,2433
ΑΘΗΝΧΑΛΚ,38.1457411,23.8676865,2436
ΑΘΗΝΧΑΛΚ,38.1454508,23.8667252,2439
ΑΘΗΝΧΑΛΚ,38.1453631,23.8663476,2442
ΑΘΗΝΧΑΛΚ,38.1452213,23.8659012,2445
ΑΘΗΝΧΑΛΚ,38.1450661,23.8654893,2448
ΑΘΗΝΧΑΛΚ,38.1448568,23.8650601,2451
ΑΘΗΝΧΑΛΚ,38.1446341,23.8646395,2454
ΑΘΗΝΧΑΛΚ,38.1434595,23.8630173,2457
ΑΘΗΝΧΑΛΚ,38.142798,23.8620389,2460
ΑΘΗΝΧΑΛΚ,38.1419474,23.8607857,2463
ΑΘΗΝΧΑΛΚ,38.1415762,23.8603137,2466
ΑΘΗΝΧΑΛΚ,38.1413466,23.8600133,2469
ΑΘΗΝΧΑΛΚ,38.1411171,23.8597644,2472
ΑΘΗΝΧΑΛΚ,38.1404691,23.8592322,2475
ΑΘΗΝΧΑΛΚ,38.1404425,23.8592165,2478
ΑΘΗΝΧΑΛΚ,38.1393957,23.8586056,2481
ΑΘΗΝΧΑΛΚ,38.1373502,23.8575156,2484
ΑΘΗΝΧΑΛΚ,38.1364778,23.8568937,2487
ΑΘΗΝΧΑΛΚ,38.1360288,23.856635,2490
ΑΘΗΝΧΑΛΚ,38.1353857,23.8563311,2493
ΑΘΗΝΧΑΛΚ,38.1349874,23.8560822,2496
ΑΘΗΝΧΑΛΚ,38.1346566,23.8558419,2499
ΑΘΗΝΧΑΛΚ,38.1343258,23.8555501,2502
ΑΘΗΝΧΑΛΚ,38.133995,23.855181,2505
ΑΘΗΝΧΑΛΚ,38.1337182,23.8547862,2508
ΑΘΗΝΧΑΛΚ,38.1334549,23.8544343,2511
ΑΘΗΝΧΑΛΚ,38.1332524,23.8540909,2514
ΑΘΗΝΧΑΛΚ,38.1330701,23.8537219,2517
ΑΘΗΝΧΑΛΚ,38.1329148,23.8533271,2520
ΑΘΗΝΧΑΛΚ,38.1328135,23.8529666,2523
ΑΘΗΝΧΑΛΚ,38.132719,23.8525632,2526
ΑΘΗΝΧΑΛΚ,38.1326582,23.8521941,2529
ΑΘΗΝΧΑΛΚ,38.1326312,23.8518336,2532
ΑΘΗΝΧΑΛΚ,38.1325907,23.8512671,2535
ΑΘΗΝΧΑΛΚ,38.1324881,23.848328,2538
ΑΘΗΝΧΑΛΚ,38.1323633,23.8469424,2541
ΑΘΗΝΧΑΛΚ,38.1321386,23.8459688,2544
ΑΘΗΝΧΑΛΚ,38.1318515,23.8450951,2547
ΑΘΗΝΧΑΛΚ,38.1314645,23.8442837,2550
ΑΘΗΝΧΑΛΚ,38.1309403,23.8434599,2553
ΑΘΗΝΧΑΛΚ,38.130441,23.8428358,2556
ΑΘΗΝΧΑΛΚ,38.1291429,23.8415127,2559
ΑΘΗΝΧΑΛΚ,38.1280962,23.8404513,2562
ΑΘΗΝΧΑΛΚ,38.1278194,23.8401337,2565
ΑΘΗΝΧΑΛΚ,38.1275628,23.8398076,2568
ΑΘΗΝΧΑΛΚ,38.1273332,23.8394213,2571
ΑΘΗΝΧΑΛΚ,38.1262605,23.8373205,2574
ΑΘΗΝΧΑΛΚ,38.1144261,23.8079246,2577
ΑΘΗΝΧΑΛΚ,38.1068999,23.7923807,2580
ΑΘΗΝΧΑΛΚ,38.1065609,23.7915985,2583
ΑΘΗΝΧΑΛΚ,38.1060732,23.7906102,2586
ΑΘΗΝΧΑΛΚ,38.1057623,23.7900366,2589
ΑΘΗΝΧΑΛΚ,38.1053598,23.7893197,2592
ΑΘΗΝΧΑΛΚ,38.1042414,23.7873623,2595
ΑΘΗΝΧΑΛΚ,38.1022768,23.7838725,2598
ΑΘΗΝΧΑΛΚ,38.1020131,23.7834214,2601
ΑΘΗΝΧΑΛΚ,38.1017729,23.7830032,2604
ΑΘΗΝΧΑΛΚ,38.1014321,23.7824775,2607
ΑΘΗΝΧΑΛΚ,38.1007202,23.7814854,2610
ΑΘΗΝΧΑΛΚ,38.1004358,23.7810661,2613
ΑΘΗΝΧΑΛΚ,38.1004358,23.7810661,2616
ΑΘΗΝΧΑΛΚ,38.0997896,23.7801134,2619
ΑΘΗΝΧΑΛΚ,38.09623,23.7750233,2622
ΑΘΗΝΧΑΛΚ,38.1901597,23.8441939,2625
ΑΘΗΝΧΑΛΚ,38.1883297,23.844506,2628
ΑΘΗΝΧΑΛΚ,38.1883297,23.844506,2631
ΑΘΗΝΧΑΛΚ,38.1864328,23.8448268,2634
ΑΘΗΝΧΑΛΚ,38.1711234,23.8557462,2637
ΑΘΗΝΧΑΛΚ,38.1715063,23.8549734,2640
ΑΘΗΝΧΑΛΚ,38.2972332,23.6470484,2643
ΑΘΗΝΧΑΛΚ,38.2969369,23.6471428,2646
ΑΘΗΝΧΑΛΚ,38.2969369,23.6471428,2649
ΑΘΗΝΧΑΛΚ,38.2965529,23.6472716,2652
ΑΘΗΝΧΑΛΚ,38.2962363,23.6474003,2655
ΑΘΗΝΧΑΛΚ,38.2958995,23.647572,2658
ΑΘΗΝΧΑΛΚ,38.2955223,23.6478209,2661
ΑΘΗΝΧΑΛΚ,38.2952326,23.6480698,2664
ΑΘΗΝΧΑΛΚ,38.2949362,23.6483616,2667
ΑΘΗΝΧΑΛΚ,38.2946735,23.6486706,2670
ΑΘΗΝΧΑΛΚ,38.2944647,23.648971,2673
ΑΘΗΝΧΑΛΚ,38.2942491,23.6493229,2676
ΑΘΗΝΧΑΛΚ,38.2940807,23.6496748,2679
ΑΘΗΝΧΑΛΚ,38.293946,23.6499838,2682
ΑΘΗΝΧΑΛΚ,38.2938045,23.6503615,2685
ΑΘΗΝΧΑΛΚ,38.2936967,23.6507563,2688
ΑΘΗΝΧΑΛΚ,38.2936159,23.6511941,2691
ΑΘΗΝΧΑΛΚ,38.293562,23.6516146,2694
ΑΘΗΝΧΑΛΚ,38.2935418,23.6520867,2697
ΑΘΗΝΧΑΛΚ,38.2935418,23.6524643,2700
ΑΘΗΝΧΑΛΚ,38.2935687,23.6528592,2703
ΑΘΗΝΧΑΛΚ,38.2936226,23.6532111,2706
ΑΘΗΝΧΑΛΚ,38.2937169,23.6537003,2709
ΑΘΗΝΧΑΛΚ,38.2938719,23.6543097,2712
ΑΘΗΝΧΑΛΚ,38.2940133,23.6548934,2715
ΑΘΗΝΧΑΛΚ,38.2941615,23.6555113,2718
ΑΘΗΝΧΑΛΚ,38.2942356,23.6560607,2721
ΑΘΗΝΧΑΛΚ,38.2942424,23.6564898,2724
ΑΘΗΝΧΑΛΚ,38.2942424,23.6570048,2727
ΑΘΗΝΧΑΛΚ,38.2941952,23.6574854,2730
ΑΘΗΝΧΑΛΚ,38.2940942,23.6580519,2733
ΑΘΗΝΧΑΛΚ,38.2939527,23.6585669,2736
ΑΘΗΝΧΑΛΚ,38.2937978,23.6589703,2739
ΑΘΗΝΧΑΛΚ,38.293589,23.659408,2742
ΑΘΗΝΧΑΛΚ,38.2933801,23.6597943,2745
ΑΘΗΝΧΑΛΚ,38.293205,23.6600518,2748
ΑΘΗΝΧΑΛΚ,38.2929827,23.6603436,2751
ΑΘΗΝΧΑΛΚ,38.2927267,23.6606268,2754
ΑΘΗΝΧΑΛΚ,38.2923764,23.660953,2757
ΑΘΗΝΧΑΛΚ,38.2919587,23.6612534,2760
ΑΘΗΝΧΑΛΚ,38.2914804,23.6615452,2763
ΑΘΗΝΧΑΛΚ,38.2880245,23.6635794,2766
ΑΘΗΝΧΑΛΚ,38.2833691,23.6663174,2769
ΑΘΗΝΧΑΛΚ,38.2816923,23.6672712,2772
ΑΘΗΝΧΑΛΚ,38.2810534,23.6676403,2775
ΑΘΗΝΧΑΛΚ,38.278727,23.6690297,2778
ΑΘΗΝΧΑΛΚ,38.2779858,23.6694846,2781
ΑΘΗΝΧΑΛΚ,38.2775748,23.6697506,2784
ΑΘΗΝΧΑΛΚ,38.2775748,23.6697506,2787
ΑΘΗΝΧΑΛΚ,38.2770133,23.6701178,2790
ΑΘΗΝΧΑΛΚ,38.2770133,23.6701178,2793
ΑΘΗΝΧΑΛΚ,38.2768134,23.6702485,2796
ΑΘΗΝΧΑΛΚ,38.2764698,23.6704888,2799
ΑΘΗΝΧΑΛΚ,38.276052,23.6707978,2802
ΑΘΗΝΧΑΛΚ,38.2755736,23.6712012,2805
ΑΘΗΝΧΑΛΚ,38.2752502,23.6715188,2808
ΑΘΗΝΧΑΛΚ,38.274819,23.6719651,2811
ΑΘΗΝΧΑΛΚ,38.2744147,23.6724457,2814
ΑΘΗΝΧΑΛΚ,38.2740373,23.672892,2817
ΑΘΗΝΧΑΛΚ,38.2735724,23.6734843,2820
ΑΘΗΝΧΑΛΚ,38.2732759,23.6738619,2823
ΑΘΗΝΧΑΛΚ,38.272939,23.6742653,2826
ΑΘΗΝΧΑΛΚ,38.2726627,23.6745228,2829
ΑΘΗΝΧΑΛΚ,38.2723056,23.6747975,2832
ΑΘΗΝΧΑΛΚ,38.2720428,23.6749863,2835
ΑΘΗΝΧΑΛΚ,38.2716318,23.6751837,2838
ΑΘΗΝΧΑΛΚ,38.2711601,23.6753726,2841
ΑΘΗΝΧΑΛΚ,38.2707153,23.6754927,2844
ΑΘΗΝΧΑΛΚ,38.2702302,23.6755442,2847
ΑΘΗΝΧΑΛΚ,38.2696978,23.6755356,2850
ΑΘΗΝΧΑΛΚ,38.2688824,23.6753811,2853
ΑΘΗΝΧΑΛΚ,38.2683972,23.6752953,2856
ΑΘΗΝΧΑΛΚ,38.2679457,23.6752524,2859
ΑΘΗΝΧΑΛΚ,38.2675414,23.6752438,2862
ΑΘΗΝΧΑΛΚ,38.2670562,23.6752781,2865
ΑΘΗΝΧΑΛΚ,38.2665643,23.6753811,2868
ΑΘΗΝΧΑΛΚ,38.2655737,23.6755871,2871
ΑΘΗΝΧΑΛΚ,38.2631745,23.6761536,2874
ΑΘΗΝΧΑΛΚ,38.2580121,23.6773209,2877
ΑΘΗΝΧΑΛΚ,38.2576145,23.6774411,2880
ΑΘΗΝΧΑΛΚ,38.2572505,23.677587,2883
ΑΘΗΝΧΑΛΚ,38.2568664,23.677793,2886
ΑΘΗΝΧΑΛΚ,38.2565092,23.6780505,2889
ΑΘΗΝΧΑΛΚ,38.2562194,23.6782822,2892
ΑΘΗΝΧΑΛΚ,38.2559093,23.678574,2895
ΑΘΗΝΧΑΛΚ,38.2556734,23.6788401,2898
ΑΘΗΝΧΑΛΚ,38.2554712,23.6791319,2901
ΑΘΗΝΧΑΛΚ,38.2552286,23.6795096,2904
ΑΘΗΝΧΑΛΚ,38.254959,23.6800246,2907
ΑΘΗΝΧΑΛΚ,38.2547163,23.6806426,2910
ΑΘΗΝΧΑΛΚ,38.2545276,23.6812777,2913
ΑΘΗΝΧΑΛΚ,38.2544265,23.6818099,2916
ΑΘΗΝΧΑΛΚ,38.2543119,23.6827025,2919
ΑΘΗΝΧΑΛΚ,38.2541771,23.6838355,2922
ΑΘΗΝΧΑΛΚ,38.2540086,23.6852517,2925
ΑΘΗΝΧΑΛΚ,38.2539345,23.68611,2928
ΑΘΗΝΧΑΛΚ,38.2538941,23.686831,2931
ΑΘΗΝΧΑΛΚ,38.2539008,23.6875433,2934
ΑΘΗΝΧΑΛΚ,38.2539278,23.6881699,2937
ΑΘΗΝΧΑΛΚ,38.2540221,23.6891913,2940
ΑΘΗΝΧΑΛΚ,38.25413,23.6899895,2943
ΑΘΗΝΧΑΛΚ,38.2541704,23.6904702,2946
ΑΘΗΝΧΑΛΚ,38.2541704,23.6910538,2949
ΑΘΗΝΧΑΛΚ,38.2541367,23.6915001,2952
ΑΘΗΝΧΑΛΚ,38.2540491,23.6919722,2955
ΑΘΗΝΧΑΛΚ,38.2539547,23.6923842,2958
ΑΘΗΝΧΑΛΚ,38.2538334,23.6927619,2961
ΑΘΗΝΧΑΛΚ,38.2537256,23.6930022,2964
ΑΘΗΝΧΑΛΚ,38.2535975,23.693294,2967
ΑΘΗΝΧΑΛΚ,38.2533751,23.6936802,2970
ΑΘΗΝΧΑΛΚ,38.2531324,23.6940321,2973
ΑΘΗΝΧΑΛΚ,38.2528359,23.6943583,2976
ΑΘΗΝΧΑΛΚ,38.2524652,23.6946759,2979
ΑΘΗΝΧΑΛΚ,38.2521686,23.6949076,2982
ΑΘΗΝΧΑΛΚ,38.2517642,23.6951308,2985
ΑΘΗΝΧΑΛΚ,38.2507599,23.6955771,2988
ΑΘΗΝΧΑΛΚ,38.2505382,23.6956698,2991
ΑΘΗΝΧΑΛΚ,38.2491949,23.696226,2994
ΑΘΗΝΧΑΛΚ,38.2484411,23.696547,2997
ΑΘΗΝΧΑΛΚ,38.2480772,23.6967358,3000
ΑΘΗΝΧΑΛΚ,38.2476727,23.6970105,3003
ΑΘΗΝΧΑΛΚ,38.2472885,23.6973538,3006
ΑΘΗΝΧΑΛΚ,38.2469649,23.69768,3009
ΑΘΗΝΧΑΛΚ,38.2466346,23.6981177,3012
ΑΘΗΝΧΑΛΚ,38.2463785,23.6985468,3015
ΑΘΗΝΧΑΛΚ,38.2460752,23.6991477,3018
ΑΘΗΝΧΑΛΚ,38.2458527,23.6997141,3021
ΑΘΗΝΧΑΛΚ,38.2456842,23.700315,3024
ΑΘΗΝΧΑΛΚ,38.2455831,23.7008471,3027
ΑΘΗΝΧΑΛΚ,38.2455292,23.701302,3030
ΑΘΗΝΧΑΛΚ,38.2455022,23.7019286,3033
ΑΘΗΝΧΑΛΚ,38.2455224,23.702907,3036
ΑΘΗΝΧΑΛΚ,38.2455224,23.7032504,3039
ΑΘΗΝΧΑΛΚ,38.2455022,23.7036967,3042
ΑΘΗΝΧΑΛΚ,38.2454617,23.7041087,3045
ΑΘΗΝΧΑΛΚ,38.2453943,23.7045378,3048
ΑΘΗΝΧΑΛΚ,38.2453,23.7049069,3051
ΑΘΗΝΧΑΛΚ,38.2451854,23.7053275,3054
ΑΘΗΝΧΑΛΚ,38.2450371,23.7057995,3057
ΑΘΗΝΧΑΛΚ,38.2449023,23.7063231,3060
ΑΘΗΝΧΑΛΚ,38.2447944,23.7068724,3063
ΑΘΗΝΧΑΛΚ,38.2447203,23.7075076,3066
ΑΘΗΝΧΑΛΚ,38.2447,23.7081084,3069
ΑΘΗΝΧΑΛΚ,38.2447,23.7088465,3072
ΑΘΗΝΧΑΛΚ,38.2446865,23.7095418,3075
ΑΘΗΝΧΑΛΚ,38.2446528,23.710031,3078
ΑΘΗΝΧΑΛΚ,38.2445854,23.7105116,3081
ΑΘΗΝΧΑΛΚ,38.2444776,23.711061,3084
ΑΘΗΝΧΑΛΚ,38.244336,23.7116875,3087
ΑΘΗΝΧΑΛΚ,38.2441608,23.7123227,3090
ΑΘΗΝΧΑΛΚ,38.2438372,23.713181,3093
ΑΘΗΝΧΑΛΚ,38.2435743,23.7137904,3096
ΑΘΗΝΧΑΛΚ,38.2432575,23.7144255,3099
ΑΘΗΝΧΑΛΚ,38.2429946,23.7148718,3102
ΑΘΗΝΧΑΛΚ,38.2427721,23.7152581,3105
ΑΘΗΝΧΑΛΚ,38.2424283,23.7157387,3108
ΑΘΗΝΧΑΛΚ,38.2416733,23.7167429,3111
ΑΘΗΝΧΑΛΚ,38.2413093,23.7172665,3114
ΑΘΗΝΧΑΛΚ,38.2410261,23.7177386,3117
ΑΘΗΝΧΑΛΚ,38.2407969,23.7182021,3120
ΑΘΗΝΧΑΛΚ,38.2406082,23.7186312,3123
ΑΘΗΝΧΑΛΚ,38.2404801,23.7190003,3126
ΑΘΗΝΧΑΛΚ,38.2403385,23.7194123,3129
ΑΘΗΝΧΑΛΚ,38.2402104,23.7199187,3132
ΑΘΗΝΧΑΛΚ,38.239934,23.7210001,3135
ΑΘΗΝΧΑΛΚ,38.2395633,23.7223391,3138
ΑΘΗΝΧΑΛΚ,38.2389835,23.724545,3141
ΑΘΗΝΧΑΛΚ,38.238788,23.7251715,3144
ΑΘΗΝΧΑΛΚ,38.2386397,23.7256007,3147
ΑΘΗΝΧΑΛΚ,38.2384914,23.7260642,3150
ΑΘΗΝΧΑΛΚ,38.2382756,23.7265963,3153
ΑΘΗΝΧΑΛΚ,38.237979,23.7273087,3156
ΑΘΗΝΧΑΛΚ,38.2377768,23.7277979,3159
ΑΘΗΝΧΑΛΚ,38.2376352,23.7281842,3162
ΑΘΗΝΧΑΛΚ,38.2374801,23.7286992,3165
ΑΘΗΝΧΑΛΚ,38.2373655,23.7292056,3168
ΑΘΗΝΧΑΛΚ,38.2372981,23.7296776,3171
ΑΘΗΝΧΑΛΚ,38.2372374,23.7304244,3174
ΑΘΗΝΧΑΛΚ,38.2372442,23.7310338,3177
ΑΘΗΝΧΑΛΚ,38.2372914,23.7315573,3180
ΑΘΗΝΧΑΛΚ,38.237406,23.7321581,3183
ΑΘΗΝΧΑΛΚ,38.2375408,23.7328276,3186
ΑΘΗΝΧΑΛΚ,38.2376487,23.733334,3189
ΑΘΗΝΧΑΛΚ,38.2378442,23.7342438,3192
ΑΘΗΝΧΑΛΚ,38.2379116,23.7346558,3195
ΑΘΗΝΧΑΛΚ,38.2379858,23.7351193,3198
ΑΘΗΝΧΑΛΚ,38.2380195,23.735497,3201
ΑΘΗΝΧΑΛΚ,38.238033,23.7360034,3204
ΑΘΗΝΧΑΛΚ,38.2380127,23.7364583,3207
ΑΘΗΝΧΑΛΚ,38.237979,23.7368531,3210
ΑΘΗΝΧΑΛΚ,38.2379251,23.7372221,3213
ΑΘΗΝΧΑΛΚ,38.2378307,23.7376513,3216
ΑΘΗΝΧΑΛΚ,38.2376824,23.7383122,3219
ΑΘΗΝΧΑΛΚ,38.2375745,23.7388529,3222
ΑΘΗΝΧΑΛΚ,38.2375139,23.7393593,3225
ΑΘΗΝΧΑΛΚ,38.2374936,23.7399994,3228
ΑΘΗΝΧΑΛΚ,38.2375071,23.740561,3231
ΑΘΗΝΧΑΛΚ,38.2375341,23.741342,3234
ΑΘΗΝΧΑΛΚ,38.2377026,23.7462172,3237
ΑΘΗΝΧΑΛΚ,38.2377161,23.7469382,3240
ΑΘΗΝΧΑΛΚ,38.2377498,23.7475905,3243
ΑΘΗΝΧΑΛΚ,38.2378037,23.7483887,3246
ΑΘΗΝΧΑΛΚ,38.2378914,23.7494616,3249
ΑΘΗΝΧΑΛΚ,38.237979,23.7504057,3252
ΑΘΗΝΧΑΛΚ,38.2380532,23.7512469,3255
ΑΘΗΝΧΑΛΚ,38.2380801,23.7517361,3258
ΑΘΗΝΧΑΛΚ,38.2380936,23.7522168,3261
ΑΘΗΝΧΑΛΚ,38.2380869,23.7527918,3264
ΑΘΗΝΧΑΛΚ,38.2380532,23.7534527,3267
ΑΘΗΝΧΑΛΚ,38.2379521,23.7545256,3270
ΑΘΗΝΧΑΛΚ,38.2378307,23.7557873,3273
ΑΘΗΝΧΑΛΚ,38.2376757,23.7572722,3276
ΑΘΗΝΧΑΛΚ,38.237615,23.758079,3279
ΑΘΗΝΧΑΛΚ,38.237615,23.7589116,3282
ΑΘΗΝΧΑΛΚ,38.2376285,23.7594523,3285
ΑΘΗΝΧΑΛΚ,38.2376689,23.7600789,3288
ΑΘΗΝΧΑΛΚ,38.2378037,23.7610316,3291
ΑΘΗΝΧΑΛΚ,38.2378712,23.7616324,3294
ΑΘΗΝΧΑΛΚ,38.2379116,23.7620959,3297
ΑΘΗΝΧΑΛΚ,38.2379183,23.7624306,3300
ΑΘΗΝΧΑΛΚ,38.2379116,23.7627997,3303
ΑΘΗΝΧΑΛΚ,38.2378846,23.7632546,3306
ΑΘΗΝΧΑΛΚ,38.2378374,23.763555,3309
ΑΘΗΝΧΑΛΚ,38.2377161,23.7643361,3312
ΑΘΗΝΧΑΛΚ,38.2374734,23.7655377,3315
ΑΘΗΝΧΑΛΚ,38.2373049,23.7663874,3318
ΑΘΗΝΧΑΛΚ,38.2372105,23.7670311,3321
ΑΘΗΝΧΑΛΚ,38.2371633,23.7675375,3324
ΑΘΗΝΧΑΛΚ,38.2371296,23.7679581,3327
ΑΘΗΝΧΑΛΚ,38.2371026,23.7684817,3330
ΑΘΗΝΧΑΛΚ,38.2370959,23.7693314,3333
ΑΘΗΝΧΑΛΚ,38.2371161,23.7699666,3336
ΑΘΗΝΧΑΛΚ,38.2371903,23.7707905,3339
ΑΘΗΝΧΑΛΚ,38.2373858,23.7723097,3342
ΑΘΗΝΧΑΛΚ,38.2374532,23.7729191,3345
ΑΘΗΝΧΑΛΚ,38.2375206,23.7735886,3348
ΑΘΗΝΧΑΛΚ,38.2375341,23.7740349,3351
ΑΘΗΝΧΑΛΚ,38.2375273,23.7745156,3354
ΑΘΗΝΧΑΛΚ,38.2374869,23.775022,3357
ΑΘΗΝΧΑΛΚ,38.2374262,23.7754168,3360
ΑΘΗΝΧΑΛΚ,38.2373183,23.7758803,3363
ΑΘΗΝΧΑΛΚ,38.2372172,23.7761979,3366
ΑΘΗΝΧΑΛΚ,38.2370285,23.7766957,3369
ΑΘΗΝΧΑΛΚ,38.2367925,23.7772622,3372
ΑΘΗΝΧΑΛΚ,38.2365093,23.7779574,3375
ΑΘΗΝΧΑΛΚ,38.2363341,23.778438,3378
ΑΘΗΝΧΑΛΚ,38.2360914,23.7792363,3381
ΑΘΗΝΧΑΛΚ,38.2359768,23.7796568,3384
ΑΘΗΝΧΑΛΚ,38.2358487,23.7801976,3387
ΑΘΗΝΧΑΛΚ,38.2357475,23.7807211,3390
ΑΘΗΝΧΑΛΚ,38.2356532,23.781322,3393
ΑΘΗΝΧΑΛΚ,38.2355857,23.7819142,3396
ΑΘΗΝΧΑΛΚ,38.2355385,23.7824549,3399
ΑΘΗΝΧΑΛΚ,38.2354779,23.7833046,3402
ΑΘΗΝΧΑΛΚ,38.2354307,23.7839741,3405
ΑΘΗΝΧΑΛΚ,38.2354037,23.7844119,3408
ΑΘΗΝΧΑΛΚ,38.2353633,23.7850728,3411
ΑΘΗΝΧΑΛΚ,38.2353295,23.7857594,3414
ΑΘΗΝΧΑΛΚ,38.2352824,23.7863516,3417
ΑΘΗΝΧΑΛΚ,38.2352015,23.7868924,3420
ΑΘΗΝΧΑΛΚ,38.2351138,23.7873816,3423
ΑΘΗΝΧΑΛΚ,38.2349992,23.7877593,3426
ΑΘΗΝΧΑΛΚ,38.2348374,23.7882227,3429
ΑΘΗΝΧΑΛΚ,38.2346554,23.7886433,3432
ΑΘΗΝΧΑΛΚ,38.2344059,23.7890982,3435
ΑΘΗΝΧΑΛΚ,38.234143,23.7894759,3438
ΑΘΗΝΧΑΛΚ,38.2338329,23.7898364,3441
ΑΘΗΝΧΑΛΚ,38.2335834,23.7900767,3444
ΑΘΗΝΧΑΛΚ,38.2333272,23.7902913,3447
ΑΘΗΝΧΑΛΚ,38.2327609,23.7906518,3450
ΑΘΗΝΧΑΛΚ,38.2325923,23.7907719,3453
ΑΘΗΝΧΑΛΚ,38.2323429,23.7909779,3456
ΑΘΗΝΧΑΛΚ,38.2321136,23.7912011,3459
ΑΘΗΝΧΑΛΚ,38.2318979,23.79145,3462
ΑΘΗΝΧΑΛΚ,38.2317091,23.7916903,3465
ΑΘΗΝΧΑΛΚ,38.2315136,23.7920079,3468
ΑΘΗΝΧΑΛΚ,38.2313383,23.7923426,3471
ΑΘΗΝΧΑΛΚ,38.23119,23.7926945,3474
ΑΘΗΝΧΑΛΚ,38.2310821,23.7929606,3477
ΑΘΗΝΧΑΛΚ,38.2309473,23.7934927,3480
ΑΘΗΝΧΑΛΚ,38.2308798,23.7939477,3483
ΑΘΗΝΧΑΛΚ,38.2308394,23.7943511,3486
ΑΘΗΝΧΑΛΚ,38.2308124,23.7949261,3489
ΑΘΗΝΧΑΛΚ,38.230772,23.7954497,3492
ΑΘΗΝΧΑΛΚ,38.2307248,23.7958703,3495
ΑΘΗΝΧΑΛΚ,38.2305899,23.7964539,3498
ΑΘΗΝΧΑΛΚ,38.2304281,23.797029,3501
ΑΘΗΝΧΑΛΚ,38.2302326,23.7975096,3504
ΑΘΗΝΧΑΛΚ,38.2300033,23.7979731,3507
ΑΘΗΝΧΑΛΚ,38.2297269,23.798428,3510
ΑΘΗΝΧΑΛΚ,38.2294977,23.7987284,3513
ΑΘΗΝΧΑΛΚ,38.2287021,23.7997326,3516
ΑΘΗΝΧΑΛΚ,38.2282908,23.8002562,3519
ΑΘΗΝΧΑΛΚ,38.2280615,23.8006253,3522
ΑΘΗΝΧΑΛΚ,38.2278795,23.8009772,3525
ΑΘΗΝΧΑΛΚ,38.2276502,23.8015265,3528
ΑΘΗΝΧΑΛΚ,38.2275289,23.8019471,3531
ΑΘΗΝΧΑΛΚ,38.2274547,23.8023333,3534
ΑΘΗΝΧΑΛΚ,38.227394,23.8027968,3537
ΑΘΗΝΧΑΛΚ,38.2273805,23.8031916,3540
ΑΘΗΝΧΑΛΚ,38.2274008,23.8037495,3543
ΑΘΗΝΧΑΛΚ,38.2274412,23.8044276,3546
ΑΘΗΝΧΑΛΚ,38.2274749,23.8049597,3549
ΑΘΗΝΧΑΛΚ,38.2274952,23.8055605,3552
ΑΘΗΝΧΑΛΚ,38.2274884,23.8059811,3555
ΑΘΗΝΧΑΛΚ,38.2274615,23.8062901,3558
ΑΘΗΝΧΑΛΚ,38.2274008,23.8068051,3561
ΑΘΗΝΧΑΛΚ,38.2273401,23.8072171,3564
ΑΘΗΝΧΑΛΚ,38.2272659,23.8077578,3567
ΑΘΗΝΧΑΛΚ,38.2271783,23.8083157,3570
ΑΘΗΝΧΑΛΚ,38.2270974,23.8088135,3573
ΑΘΗΝΧΑΛΚ,38.2270502,23.8093543,3576
ΑΘΗΝΧΑΛΚ,38.2270299,23.8097748,3579
ΑΘΗΝΧΑΛΚ,38.2270299,23.8102383,3582
ΑΘΗΝΧΑΛΚ,38.2270636,23.8107018,3585
ΑΘΗΝΧΑΛΚ,38.2271108,23.8111567,3588
ΑΘΗΝΧΑΛΚ,38.2271918,23.8116717,3591
ΑΘΗΝΧΑΛΚ,38.2272929,23.8121953,3594
ΑΘΗΝΧΑΛΚ,38.2274547,23.8128562,3597
ΑΘΗΝΧΑΛΚ,38.2276368,23.8135685,3600
ΑΘΗΝΧΑΛΚ,38.2277446,23.8141179,3603
ΑΘΗΝΧΑΛΚ,38.2277986,23.8147101,3606
ΑΘΗΝΧΑΛΚ,38.2278121,23.8149504,3609
ΑΘΗΝΧΑΛΚ,38.2278121,23.8153023,3612
ΑΘΗΝΧΑΛΚ,38.2277918,23.8157401,3615
ΑΘΗΝΧΑΛΚ,38.2277312,23.8162035,3618
ΑΘΗΝΧΑΛΚ,38.22763,23.8169074,3621
ΑΘΗΝΧΑΛΚ,38.2275424,23.817491,3624
ΑΘΗΝΧΑΛΚ,38.2274884,23.8179631,3627
ΑΘΗΝΧΑΛΚ,38.2274615,23.8184437,3630
ΑΘΗΝΧΑΛΚ,38.2274547,23.8187441,3633
ΑΘΗΝΧΑΛΚ,38.2273805,23.82095,3636
ΑΘΗΝΧΑΛΚ,38.2273333,23.8221516,3639
ΑΘΗΝΧΑΛΚ,38.2273199,23.8228297,3642
ΑΘΗΝΧΑΛΚ,38.2273266,23.8231902,3645
ΑΘΗΝΧΑΛΚ,38.2273401,23.823482,3648
ΑΘΗΝΧΑΛΚ,38.2273805,23.8237738,3651
ΑΘΗΝΧΑΛΚ,38.2274345,23.8240656,3654
ΑΘΗΝΧΑΛΚ,38.2274884,23.8243489,3657
ΑΘΗΝΧΑΛΚ,38.2275828,23.8247609,3660
ΑΘΗΝΧΑΛΚ,38.2280413,23.8267436,3663
ΑΘΗΝΧΑΛΚ,38.2282638,23.8277993,3666
ΑΘΗΝΧΑΛΚ,38.228547,23.8290953,3669
ΑΘΗΝΧΑΛΚ,38.2286346,23.8294987,3672
ΑΘΗΝΧΑΛΚ,38.2287358,23.8299794,3675
ΑΘΗΝΧΑΛΚ,38.2288302,23.8304429,3678
ΑΘΗΝΧΑΛΚ,38.2289111,23.8308978,3681
ΑΘΗΝΧΑΛΚ,38.2289785,23.8313956,3684
ΑΘΗΝΧΑΛΚ,38.229019,23.8318505,3687
ΑΘΗΝΧΑΛΚ,38.2290527,23.8322796,3690
ΑΘΗΝΧΑΛΚ,38.2290999,23.8336787,3693
ΑΘΗΝΧΑΛΚ,38.2291673,23.8357214,3696
ΑΘΗΝΧΑΛΚ,38.2291875,23.8362622,3699
ΑΘΗΝΧΑΛΚ,38.2292347,23.8376441,3702
ΑΘΗΝΧΑΛΚ,38.2292549,23.8381247,3705
ΑΘΗΝΧΑΛΚ,38.229228,23.8387684,3708
ΑΘΗΝΧΑΛΚ,38.229201,23.8392663,3711
ΑΘΗΝΧΑΛΚ,38.2291673,23.8397984,3714
ΑΘΗΝΧΑΛΚ,38.2291066,23.8403477,3717
ΑΘΗΝΧΑΛΚ,38.2290122,23.8408713,3720
ΑΘΗΝΧΑΛΚ,38.2288976,23.841515,3723
ΑΘΗΝΧΑΛΚ,38.2287965,23.8420043,3726
ΑΘΗΝΧΑΛΚ,38.2286818,23.842442,3729
ΑΘΗΝΧΑΛΚ,38.2284391,23.8433089,3732
ΑΘΗΝΧΑΛΚ,38.2282301,23.8439869,3735
ΑΘΗΝΧΑΛΚ,38.2279065,23.8448195,3738
ΑΘΗΝΧΑΛΚ,38.2277379,23.8451457,3741
ΑΘΗΝΧΑΛΚ,38.2273738,23.8458323,3744
ΑΘΗΝΧΑΛΚ,38.2271918,23.8461585,3747
ΑΘΗΝΧΑΛΚ,38.2267872,23.8467764,3750
ΑΘΗΝΧΑΛΚ,38.2259107,23.8480038,3753
ΑΘΗΝΧΑΛΚ,38.2256409,23.8483901,3756
ΑΘΗΝΧΑΛΚ,38.2252701,23.848905,3759
ΑΘΗΝΧΑΛΚ,38.2248588,23.8494544,3762
ΑΘΗΝΧΑΛΚ,38.2246295,23.8497204,3765
ΑΘΗΝΧΑΛΚ,38.2244273,23.849935,3768
ΑΘΗΝΧΑΛΚ,38.2242047,23.8501238,3771
ΑΘΗΝΧΑΛΚ,38.2239957,23.8502697,3774
ΑΘΗΝΧΑΛΚ,38.223726,23.8504414,3777
ΑΘΗΝΧΑΛΚ,38.2233282,23.8506732,3780
ΑΘΗΝΧΑΛΚ,38.2230585,23.8508105,3783
ΑΘΗΝΧΑΛΚ,38.2226336,23.8509221,3786
ΑΘΗΝΧΑΛΚ,38.2222223,23.8509907,3789
ΑΘΗΝΧΑΛΚ,38.2219931,23.8510251,3792
ΑΘΗΝΧΑΛΚ,38.2216694,23.8510079,3795
ΑΘΗΝΧΑΛΚ,38.2212109,23.8509392,3798
ΑΘΗΝΧΑΛΚ,38.2208198,23.8508191,3801
ΑΘΗΝΧΑΛΚ,38.2203545,23.8506131,3804
ΑΘΗΝΧΑΛΚ,38.2199566,23.8503899,3807
ΑΘΗΝΧΑΛΚ,38.2196734,23.8502011,3810
ΑΘΗΝΧΑΛΚ,38.2193339,23.8499797,3813
ΑΘΗΝΧΑΛΚ,38.2190641,23.8498423,3816
ΑΘΗΝΧΑΛΚ,38.2186865,23.8496878,3819
ΑΘΗΝΧΑΛΚ,38.2182549,23.8495848,3822
ΑΘΗΝΧΑΛΚ,38.2178234,23.8495505,3825
ΑΘΗΝΧΑΛΚ,38.2173109,23.8495677,3828
ΑΘΗΝΧΑΛΚ,38.2163668,23.8496278,3831
ΑΘΗΝΧΑΛΚ,38.215834,23.8495848,3834
ΑΘΗΝΧΑΛΚ,38.2154429,23.849499,3837
ΑΘΗΝΧΑΛΚ,38.2150113,23.8493359,3840
ΑΘΗΝΧΑΛΚ,38.214283,23.8489926,3843
ΑΘΗΝΧΑΛΚ,38.2138986,23.8488295,3846
ΑΘΗΝΧΑΛΚ,38.2134265,23.8487265,3849
ΑΘΗΝΧΑΛΚ,38.2130017,23.8486836,3852
ΑΘΗΝΧΑΛΚ,38.2125161,23.8487351,3855
ΑΘΗΝΧΑΛΚ,38.2119429,23.8489068,3858
ΑΘΗΝΧΑΛΚ,38.2115315,23.8490956,3861
ΑΘΗΝΧΑΛΚ,38.2111538,23.8493617,3864
ΑΘΗΝΧΑΛΚ,38.2108234,23.8496707,3867
ΑΘΗΝΧΑΛΚ,38.2100545,23.8506234,3870
ΑΘΗΝΧΑΛΚ,38.2097376,23.8509925,3873
ΑΘΗΝΧΑΛΚ,38.2094678,23.8512671,3876
ΑΘΗΝΧΑΛΚ,38.2091576,23.8515332,3879
ΑΘΗΝΧΑΛΚ,38.2086383,23.8519023,3882
ΑΘΗΝΧΑΛΚ,38.2081729,23.8521426,3885
ΑΘΗΝΧΑΛΚ,38.2063789,23.8527262,3888
ΑΘΗΝΧΑΛΚ,38.2057921,23.8528636,3891
ΑΘΗΝΧΑΛΚ,38.205266,23.8528979,3894
ΑΘΗΝΧΑΛΚ,38.2047872,23.8528464,3897
ΑΘΗΝΧΑΛΚ,38.2043151,23.8527262,3900
ΑΘΗΝΧΑΛΚ,38.2038766,23.852546,3903
ΑΘΗΝΧΑΛΚ,38.2034315,23.8523057,3906
ΑΘΗΝΧΑΛΚ,38.2030268,23.8519967,3909
ΑΘΗΝΧΑΛΚ,38.2027165,23.8517306,3912
ΑΘΗΝΧΑΛΚ,38.2024468,23.8514302,3915
ΑΘΗΝΧΑΛΚ,38.2022174,23.8511555,3918
ΑΘΗΝΧΑΛΚ,38.2019679,23.8507865,3921
ΑΘΗΝΧΑΛΚ,38.2016374,23.8502629,3924
ΑΘΗΝΧΑΛΚ,38.2013069,23.8496278,3927
ΑΘΗΝΧΑΛΚ,38.2010303,23.8490184,3930
ΑΘΗΝΧΑΛΚ,38.2007808,23.8485034,3933
ΑΘΗΝΧΑΛΚ,38.2005312,23.8481343,3936
ΑΘΗΝΧΑΛΚ,38.1992429,23.8463576,3939
ΑΘΗΝΧΑΛΚ,38.1988989,23.8458598,3942
ΑΘΗΝΧΑΛΚ,38.1985144,23.8453877,3945
ΑΘΗΝΧΑΛΚ,38.1979546,23.8448298,3948
ΑΘΗΝΧΑΛΚ,38.1974756,23.8444522,3951
ΑΘΗΝΧΑΛΚ,38.1970507,23.8441775,3954
ΑΘΗΝΧΑΛΚ,38.1965515,23.84392,3957
ΑΘΗΝΧΑΛΚ,38.1959331,23.8436647,3960
ΑΘΗΝΧΑΛΚ,38.1954212,23.8435477,3963
ΑΘΗΝΧΑΛΚ,38.1950958,23.8434995,3966
ΑΘΗΝΧΑΛΚ,38.1945389,23.8434973,3969
ΑΘΗΝΧΑΛΚ,38.1939478,23.8435595,3972
ΑΘΗΝΧΑΛΚ,38.1934727,23.8436096,3975
ΑΘΗΝΧΑΛΚ,38.192731,23.8437469,3978
ΑΘΗΝΧΑΛΚ,38.3124282,23.6269469,3981
ΑΘΗΝΧΑΛΚ,38.3121857,23.627213,3984
ΑΘΗΝΧΑΛΚ,38.3118355,23.6275477,3987
ΑΘΗΝΧΑΛΚ,38.3113102,23.6280026,3990
ΑΘΗΝΧΑΛΚ,38.3108927,23.6283545,3993
ΑΘΗΝΧΑΛΚ,38.3106435,23.6285605,3996
ΑΘΗΝΧΑΛΚ,38.3103539,23.6288523,3999
ΑΘΗΝΧΑΛΚ,38.3100171,23.6292643,4002
ΑΘΗΝΧΑΛΚ,38.3098353,23.6295647,4005
ΑΘΗΝΧΑΛΚ,38.3096063,23.630011,4008
ΑΘΗΝΧΑΛΚ,38.3093302,23.6306119,4011
ΑΘΗΝΧΑΛΚ,38.3091079,23.6311268,4014
ΑΘΗΝΧΑΛΚ,38.3088655,23.631659,4017
ΑΘΗΝΧΑΛΚ,38.3087308,23.6319422,4020
ΑΘΗΝΧΑΛΚ,38.3085355,23.6322855,4023
ΑΘΗΝΧΑΛΚ,38.3083334,23.6326203,4026
ΑΘΗΝΧΑΛΚ,38.3080775,23.6329379,4029
ΑΘΗΝΧΑΛΚ,38.3077879,23.6332554,4032
ΑΘΗΝΧΑΛΚ,38.3075117,23.6335215,4035
ΑΘΗΝΧΑΛΚ,38.3069654,23.6338955,4038
ΑΘΗΝΧΑΛΚ,38.3067305,23.6340451,4041
ΑΘΗΝΧΑΛΚ,38.3061984,23.6343798,4044
ΑΘΗΝΧΑΛΚ,38.305929,23.6345772,4047
ΑΘΗΝΧΑΛΚ,38.3056124,23.6348347,4050
ΑΘΗΝΧΑΛΚ,38.3053699,23.635075,4053
ΑΘΗΝΧΑΛΚ,38.3051544,23.635324,4056
ΑΘΗΝΧΑΛΚ,38.3049254,23.6355986,4059
ΑΘΗΝΧΑΛΚ,38.3047705,23.6358304,4062
ΑΘΗΝΧΑΛΚ,38.3045684,23.6361823,4065
ΑΘΗΝΧΑΛΚ,38.3043866,23.6365428,4068
ΑΘΗΝΧΑΛΚ,38.3040565,23.6372294,4071
ΑΘΗΝΧΑΛΚ,38.3023929,23.6407227,4074
ΑΘΗΝΧΑΛΚ,38.3009178,23.643804,4077
ΑΘΗΝΧΑΛΚ,38.3006955,23.6442246,4080
ΑΘΗΝΧΑΛΚ,38.3005271,23.6444907,4083
ΑΘΗΝΧΑΛΚ,38.300352,23.6447653,4086
ΑΘΗΝΧΑΛΚ,38.3000893,23.6451087,4089
ΑΘΗΝΧΑΛΚ,38.2998333,23.6454091,4092
ΑΘΗΝΧΑΛΚ,38.2995235,23.6457266,4095
ΑΘΗΝΧΑΛΚ,38.2991126,23.6460957,4098
ΑΘΗΝΧΑΛΚ,38.2987893,23.6463275,4101
ΑΘΗΝΧΑΛΚ,38.2984255,23.6465849,4104
ΑΘΗΝΧΑΛΚ,38.2980146,23.6467824,4107
ΑΘΗΝΧΑΛΚ,38.2975633,23.6469368,4110
ΑΘΗΝΧΑΛΚ,38.2972332,23.6470484,4113
ΑΘΗΝΧΑΛΚ,38.3264703,23.6054391,4116
ΑΘΗΝΧΑΛΚ,38.3258356,23.6065964,4119
ΑΘΗΝΧΑΛΚ,38.3256336,23.6069741,4122
ΑΘΗΝΧΑΛΚ,38.3254249,23.6073174,4125
ΑΘΗΝΧΑΛΚ,38.3252363,23.6075921,4128
ΑΘΗΝΧΑΛΚ,38.324967,23.6078925,4131
ΑΘΗΝΧΑΛΚ,38.3247246,23.6080985,4134
ΑΘΗΝΧΑΛΚ,38.3244283,23.6083216,4137
ΑΘΗΝΧΑΛΚ,38.3241522,23.6084933,4140
ΑΘΗΝΧΑΛΚ,38.3235866,23.6088452,4143
ΑΘΗΝΧΑΛΚ,38.3230681,23.609137,4146
ΑΘΗΝΧΑΛΚ,38.3217214,23.6098837,4149
ΑΘΗΝΧΑΛΚ,38.320718,23.6104502,4152
ΑΘΗΝΧΑΛΚ,38.3204352,23.6106391,4155
ΑΘΗΝΧΑΛΚ,38.3202332,23.6107935,4158
ΑΘΗΝΧΑΛΚ,38.3200042,23.6109738,4161
ΑΘΗΝΧΑΛΚ,38.3197955,23.6111712,4164
ΑΘΗΝΧΑΛΚ,38.3196473,23.6113514,4167
ΑΘΗΝΧΑΛΚ,38.3193511,23.6117291,4170
ΑΘΗΝΧΑΛΚ,38.3191423,23.612081,4173
ΑΘΗΝΧΑΛΚ,38.3189605,23.6124501,4176
ΑΘΗΝΧΑΛΚ,38.3187383,23.6129822,4179
ΑΘΗΝΧΑΛΚ,38.3185632,23.6134457,4182
ΑΘΗΝΧΑΛΚ,38.3183948,23.6139178,4185
ΑΘΗΝΧΑΛΚ,38.3179571,23.6151108,4188
ΑΘΗΝΧΑΛΚ,38.3173376,23.6167931,4191
ΑΘΗΝΧΑΛΚ,38.3168258,23.6181664,4194
ΑΘΗΝΧΑΛΚ,38.3163274,23.6195311,4197
ΑΘΗΝΧΑΛΚ,38.3160042,23.620398,4200
ΑΘΗΝΧΑΛΚ,38.315452,23.6218571,4203
ΑΘΗΝΧΑΛΚ,38.3151152,23.6227841,4206
ΑΘΗΝΧΑΛΚ,38.3149806,23.6231188,4209
ΑΘΗΝΧΑΛΚ,38.3148324,23.6234622,4212
ΑΘΗΝΧΑΛΚ,38.3146438,23.6238999,4215
ΑΘΗΝΧΑΛΚ,38.3144351,23.6242775,4218
ΑΘΗΝΧΑΛΚ,38.3141792,23.6246895,4221
ΑΘΗΝΧΑΛΚ,38.313903,23.6250844,4224
ΑΘΗΝΧΑΛΚ,38.3134855,23.6256079,4227
ΑΘΗΝΧΑΛΚ,38.3131353,23.6260542,4230
ΑΘΗΝΧΑΛΚ,38.3127447,23.6265692,4233
ΑΘΗΝΧΑΛΚ,38.3124282,23.6269469,4236
ΑΘΗΝΧΑΛΚ,38.3264703,23.6054391,4239
ΑΘΗΝΧΑΛΚ,38.3265422,23.6053181,4242
ΑΘΗΝΧΑΛΚ,38.3267038,23.605052,4245
ΑΘΗΝΧΑΛΚ,38.3268721,23.6048375,4248
ΑΘΗΝΧΑΛΚ,38.3271414,23.6045714,4251
ΑΘΗΝΧΑΛΚ,38.3274444,23.6043225,4254
ΑΘΗΝΧΑΛΚ,38.3278215,23.6040564,4257
ΑΘΗΝΧΑΛΚ,38.3281851,23.6038332,4260
ΑΘΗΝΧΑΛΚ,38.3284881,23.6036959,4263
ΑΘΗΝΧΑΛΚ,38.3289055,23.6035672,4266
ΑΘΗΝΧΑΛΚ,38.3292287,23.6035071,4269
ΑΘΗΝΧΑΛΚ,38.3296731,23.6034728,4272
ΑΘΗΝΧΑΛΚ,38.3300165,23.6034899,4275
ΑΘΗΝΧΑΛΚ,38.3304272,23.60355,4278
ΑΘΗΝΧΑΛΚ,38.3308177,23.6036787,4281
ΑΘΗΝΧΑΛΚ,38.3311544,23.6038332,4284
ΑΘΗΝΧΑΛΚ,38.3314641,23.6040049,4287
ΑΘΗΝΧΑΛΚ,38.3318209,23.6042452,4290
ΑΘΗΝΧΑΛΚ,38.3323393,23.6047173,4293
ΑΘΗΝΧΑΛΚ,38.3328124,23.6051212,4296
ΑΘΗΝΧΑΛΚ,38.462802,23.5844383,4299
ΑΘΗΝΧΑΛΚ,38.462736,23.5847576,4302
ΑΘΗΝΧΑΛΚ,38.4626258,23.5853082,4305
ΑΘΗΝΧΑΛΚ,38.4625917,23.5855545,4308
ΑΘΗΝΧΑΛΚ,38.4625707,23.5858112,4311
ΑΘΗΝΧΑΛΚ,38.4625312,23.586277,4314
ΑΘΗΝΧΑΛΚ,38.4624837,23.5868869,4317
ΑΘΗΝΧΑΛΚ,38.4624604,23.5879169,4320
ΑΘΗΝΧΑΛΚ,38.3328124,23.6051212,4323
ΑΘΗΝΧΑΛΚ,38.3350324,23.6071463,4326
ΑΘΗΝΧΑΛΚ,38.3363048,23.608305,4329
ΑΘΗΝΧΑΛΚ,38.3379574,23.6098003,4332
ΑΘΗΝΧΑΛΚ,38.3380864,23.6099139,4335
ΑΘΗΝΧΑΛΚ,38.3395229,23.6112147,4338
ΑΘΗΝΧΑΛΚ,38.3399066,23.6115237,4341
ΑΘΗΝΧΑΛΚ,38.3402567,23.6117812,4344
ΑΘΗΝΧΑΛΚ,38.3406269,23.6119614,4347
ΑΘΗΝΧΑΛΚ,38.3409097,23.612073,4350
ΑΘΗΝΧΑΛΚ,38.3412665,23.612176,4353
ΑΘΗΝΧΑΛΚ,38.3416031,23.6122446,4356
ΑΘΗΝΧΑΛΚ,38.3419127,23.612279,4359
ΑΘΗΝΧΑΛΚ,38.3422426,23.6122961,4362
ΑΘΗΝΧΑΛΚ,38.3426061,23.6122618,4365
ΑΘΗΝΧΑΛΚ,38.3429562,23.6122017,4368
ΑΘΗΝΧΑΛΚ,38.343099,23.6121601,4371
ΑΘΗΝΧΑΛΚ,38.3434274,23.6120644,4374
ΑΘΗΝΧΑΛΚ,38.3438582,23.6118842,4377
ΑΘΗΝΧΑΛΚ,38.3442621,23.6116352,4380
ΑΘΗΝΧΑΛΚ,38.3446122,23.6113778,4383
ΑΘΗΝΧΑΛΚ,38.3451709,23.6108885,4386
ΑΘΗΝΧΑΛΚ,38.3459518,23.6102362,4389
ΑΘΗΝΧΑΛΚ,38.346322,23.6099358,4392
ΑΘΗΝΧΑΛΚ,38.3466653,23.6097212,4395
ΑΘΗΝΧΑΛΚ,38.3470355,23.6095324,4398
ΑΘΗΝΧΑΛΚ,38.3474731,23.6093607,4401
ΑΘΗΝΧΑΛΚ,38.3478769,23.6092663,4404
ΑΘΗΝΧΑΛΚ,38.3482674,23.6092234,4407
ΑΘΗΝΧΑΛΚ,38.3487318,23.6092148,4410
ΑΘΗΝΧΑΛΚ,38.3490953,23.6092577,4413
ΑΘΗΝΧΑΛΚ,38.3497011,23.6093951,4416
ΑΘΗΝΧΑΛΚ,38.3501992,23.6095066,4419
ΑΘΗΝΧΑΛΚ,38.350529,23.6095667,4422
ΑΘΗΝΧΑΛΚ,38.3509329,23.6095925,4425
ΑΘΗΝΧΑΛΚ,38.3511887,23.6095925,4428
ΑΘΗΝΧΑΛΚ,38.3515656,23.6095581,4431
ΑΘΗΝΧΑΛΚ,38.3520166,23.6094637,4434
ΑΘΗΝΧΑΛΚ,38.352481,23.6092835,4437
ΑΘΗΝΧΑΛΚ,38.3528849,23.6090861,4440
ΑΘΗΝΧΑΛΚ,38.3533089,23.6088114,4443
ΑΘΗΝΧΑΛΚ,38.353733,23.6084938,4446
ΑΘΗΝΧΑΛΚ,38.3542243,23.6080561,4449
ΑΘΗΝΧΑΛΚ,38.355032,23.6073523,4452
ΑΘΗΝΧΑΛΚ,38.3555872,23.6068421,4455
ΑΘΗΝΧΑΛΚ,38.3556931,23.6067447,4458
ΑΘΗΝΧΑΛΚ,38.3557791,23.6066657,4461
ΑΘΗΝΧΑΛΚ,38.3567147,23.6058159,4464
ΑΘΗΝΧΑΛΚ,38.357731,23.6048718,4467
ΑΘΗΝΧΑΛΚ,38.3586463,23.6040478,4470
ΑΘΗΝΧΑΛΚ,38.3590838,23.6036444,4473
ΑΘΗΝΧΑΛΚ,38.3594135,23.6033783,4476
ΑΘΗΝΧΑΛΚ,38.3596828,23.6031552,4479
ΑΘΗΝΧΑΛΚ,38.3600596,23.6029149,4482
ΑΘΗΝΧΑΛΚ,38.360524,23.6026402,4485
ΑΘΗΝΧΑΛΚ,38.3609951,23.6024428,4488
ΑΘΗΝΧΑΛΚ,38.3614595,23.6022883,4491
ΑΘΗΝΧΑΛΚ,38.3619441,23.6021681,4494
ΑΘΗΝΧΑΛΚ,38.362469,23.6021166,4497
ΑΘΗΝΧΑΛΚ,38.3630074,23.6020995,4500
ΑΘΗΝΧΑΛΚ,38.3634718,23.6021252,4503
ΑΘΗΝΧΑΛΚ,38.3639967,23.6022282,4506
ΑΘΗΝΧΑΛΚ,38.3644409,23.602357,4509
ΑΘΗΝΧΑΛΚ,38.3649254,23.6025286,4512
ΑΘΗΝΧΑΛΚ,38.3653898,23.6027775,4515
ΑΘΗΝΧΑΛΚ,38.3658541,23.6030693,4518
ΑΘΗΝΧΑΛΚ,38.3662646,23.6034041,4521
ΑΘΗΝΧΑΛΚ,38.3666348,23.6037131,4524
ΑΘΗΝΧΑΛΚ,38.367052,23.6041594,4527
ΑΘΗΝΧΑΛΚ,38.3673683,23.6045371,4530
ΑΘΗΝΧΑΛΚ,38.3676105,23.6048546,4533
ΑΘΗΝΧΑΛΚ,38.3680009,23.6053439,4536
ΑΘΗΝΧΑΛΚ,38.3682633,23.6056271,4539
ΑΘΗΝΧΑΛΚ,38.3686132,23.6058846,4542
ΑΘΗΝΧΑΛΚ,38.3688824,23.6060391,4545
ΑΘΗΝΧΑΛΚ,38.3692189,23.6061678,4548
ΑΘΗΝΧΑΛΚ,38.3695957,23.6062365,4551
ΑΘΗΝΧΑΛΚ,38.3699928,23.6062451,4554
ΑΘΗΝΧΑΛΚ,38.3703629,23.606185,4557
ΑΘΗΝΧΑΛΚ,38.3706791,23.606082,4560
ΑΘΗΝΧΑΛΚ,38.3709752,23.6059361,4563
ΑΘΗΝΧΑΛΚ,38.371278,23.6057215,4566
ΑΘΗΝΧΑΛΚ,38.3715539,23.6054726,4569
ΑΘΗΝΧΑΛΚ,38.3718029,23.6051636,4572
ΑΘΗΝΧΑΛΚ,38.372,23.6048658,4575
ΑΘΗΝΧΑΛΚ,38.3720586,23.6047774,4578
ΑΘΗΝΧΑΛΚ,38.3722874,23.6042881,4581
ΑΘΗΝΧΑΛΚ,38.3724624,23.6036616,4584
ΑΘΗΝΧΑΛΚ,38.3725297,23.6030608,4587
ΑΘΗΝΧΑΛΚ,38.3725229,23.6022969,4590
ΑΘΗΝΧΑΛΚ,38.3724691,23.6008463,4593
ΑΘΗΝΧΑΛΚ,38.3724085,23.59931,4596
ΑΘΗΝΧΑΛΚ,38.3724225,23.5988041,4599
ΑΘΗΝΧΑΛΚ,38.3724898,23.5982805,4602
ΑΘΗΝΧΑΛΚ,38.3725974,23.5978084,4605
ΑΘΗΝΧΑΛΚ,38.3727051,23.5974651,4608
ΑΘΗΝΧΑΛΚ,38.3728666,23.5970961,4611
ΑΘΗΝΧΑΛΚ,38.3731425,23.5966755,4614
ΑΘΗΝΧΑΛΚ,38.3734587,23.5963579,4617
ΑΘΗΝΧΑΛΚ,38.3737077,23.5961691,4620
ΑΘΗΝΧΑΛΚ,38.3740509,23.5959631,4623
ΑΘΗΝΧΑΛΚ,38.3743739,23.5958258,4626
ΑΘΗΝΧΑΛΚ,38.3747103,23.5957228,4629
ΑΘΗΝΧΑΛΚ,38.3750468,23.5956541,4632
ΑΘΗΝΧΑΛΚ,38.3756591,23.5955683,4635
ΑΘΗΝΧΑΛΚ,38.3765204,23.5954395,4638
ΑΘΗΝΧΑΛΚ,38.3769712,23.5953709,4641
ΑΘΗΝΧΑΛΚ,38.3773143,23.5953709,4644
ΑΘΗΝΧΑΛΚ,38.3776306,23.5954138,4647
ΑΘΗΝΧΑΛΚ,38.3778863,23.5954824,4650
ΑΘΗΝΧΑΛΚ,38.378115,23.5955683,4653
ΑΘΗΝΧΑΛΚ,38.3783909,23.5957399,4656
ΑΘΗΝΧΑΛΚ,38.3786802,23.5959545,4659
ΑΘΗΝΧΑΛΚ,38.3790705,23.5962807,4662
ΑΘΗΝΧΑΛΚ,38.3794069,23.5965639,4665
ΑΘΗΝΧΑΛΚ,38.3797029,23.5967699,4668
ΑΘΗΝΧΑΛΚ,38.3799654,23.5968815,4671
ΑΘΗΝΧΑΛΚ,38.3802278,23.5969501,4674
ΑΘΗΝΧΑΛΚ,38.3805171,23.5970016,4677
ΑΘΗΝΧΑΛΚ,38.3808468,23.597036,4680
ΑΘΗΝΧΑΛΚ,38.3811024,23.5970188,4683
ΑΘΗΝΧΑΛΚ,38.3813918,23.5969416,4686
ΑΘΗΝΧΑΛΚ,38.3817483,23.5968214,4689
ΑΘΗΝΧΑΛΚ,38.3825961,23.5964094,4692
ΑΘΗΝΧΑΛΚ,38.3842243,23.5956198,4695
ΑΘΗΝΧΑΛΚ,38.3851813,23.5951315,4698
ΑΘΗΝΧΑΛΚ,38.3891782,23.5932201,4701
ΑΘΗΝΧΑΛΚ,38.3901697,23.5927416,4704
ΑΘΗΝΧΑΛΚ,38.3903158,23.5926869,4707
ΑΘΗΝΧΑΛΚ,38.3905773,23.5926123,4710
ΑΘΗΝΧΑΛΚ,38.3909341,23.5925512,4713
ΑΘΗΝΧΑΛΚ,38.3912864,23.5925327,4716
ΑΘΗΝΧΑΛΚ,38.3916377,23.5925552,4719
ΑΘΗΝΧΑΛΚ,38.3919432,23.5926102,4722
ΑΘΗΝΧΑΛΚ,38.3922955,23.5927183,4725
ΑΘΗΝΧΑΛΚ,38.3926697,23.5928835,4728
ΑΘΗΝΧΑΛΚ,38.3929602,23.5930686,4731
ΑΘΗΝΧΑΛΚ,38.3929602,23.5930686,4734
ΑΘΗΝΧΑΛΚ,38.3931059,23.5931708,4737
ΑΘΗΝΧΑΛΚ,38.3931059,23.5931708,4740
ΑΘΗΝΧΑΛΚ,38.3933535,23.5934482,4743
ΑΘΗΝΧΑΛΚ,38.3936495,23.5937401,4746
ΑΘΗΝΧΑΛΚ,38.3939926,23.5941864,4749
ΑΘΗΝΧΑΛΚ,38.3942482,23.5946327,4752
ΑΘΗΝΧΑΛΚ,38.3944501,23.5950533,4755
ΑΘΗΝΧΑΛΚ,38.3946855,23.5958,4758
ΑΘΗΝΧΑΛΚ,38.3950084,23.5970274,4761
ΑΘΗΝΧΑΛΚ,38.3952169,23.5977741,4764
ΑΘΗΝΧΑΛΚ,38.3953784,23.5982119,4767
ΑΘΗΝΧΑΛΚ,38.3955398,23.5985981,4770
ΑΘΗΝΧΑΛΚ,38.395856,23.5991817,4773
ΑΘΗΝΧΑΛΚ,38.3961049,23.5995422,4776
ΑΘΗΝΧΑΛΚ,38.3963067,23.5997997,4779
ΑΘΗΝΧΑΛΚ,38.3965287,23.60004,4782
ΑΘΗΝΧΑΛΚ,38.3969054,23.600392,4785
ΑΘΗΝΧΑΛΚ,38.3972888,23.6006838,4788
ΑΘΗΝΧΑΛΚ,38.3976117,23.6008812,4791
ΑΘΗΝΧΑΛΚ,38.3979615,23.6010528,4794
ΑΘΗΝΧΑΛΚ,38.3984122,23.6012417,4797
ΑΘΗΝΧΑΛΚ,38.3990108,23.6014648,4800
ΑΘΗΝΧΑΛΚ,38.3999929,23.6018082,4803
ΑΘΗΝΧΑΛΚ,38.4007664,23.6020914,4806
ΑΘΗΝΧΑΛΚ,38.4019772,23.6025549,4809
ΑΘΗΝΧΑΛΚ,38.4019772,23.6025549,4812
ΑΘΗΝΧΑΛΚ,38.4026229,23.6027351,4815
ΑΘΗΝΧΑΛΚ,38.4031005,23.6028896,4818
ΑΘΗΝΧΑΛΚ,38.4043045,23.6033359,4821
ΑΘΗΝΧΑΛΚ,38.4052327,23.6036707,4824
ΑΘΗΝΧΑΛΚ,38.406329,23.6040569,4827
ΑΘΗΝΧΑΛΚ,38.4069506,23.6042816,4830
ΑΘΗΝΧΑΛΚ,38.4071899,23.6043745,4833
ΑΘΗΝΧΑΛΚ,38.4075531,23.6045032,4836
ΑΘΗΝΧΑΛΚ,38.4078288,23.6045547,4839
ΑΘΗΝΧΑΛΚ,38.4081651,23.6045977,4842
ΑΘΗΝΧΑΛΚ,38.4084678,23.604632,4845
ΑΘΗΝΧΑΛΚ,38.4087906,23.6046406,4848
ΑΘΗΝΧΑΛΚ,38.4096313,23.6046062,4851
ΑΘΗΝΧΑΛΚ,38.4104787,23.6045891,4854
ΑΘΗΝΧΑΛΚ,38.4111647,23.6045633,4857
ΑΘΗΝΧΑΛΚ,38.4119583,23.604529,4860
ΑΘΗΝΧΑΛΚ,38.4119583,23.604529,4863
ΑΘΗΝΧΑΛΚ,38.4126107,23.6044775,4866
ΑΘΗΝΧΑΛΚ,38.4130411,23.6043917,4869
ΑΘΗΝΧΑΛΚ,38.4133774,23.6042801,4872
ΑΘΗΝΧΑΛΚ,38.4136868,23.6041342,4875
ΑΘΗΝΧΑΛΚ,38.4140499,23.6039282,4878
ΑΘΗΝΧΑΛΚ,38.4143929,23.6036707,4881
ΑΘΗΝΧΑΛΚ,38.4147224,23.6033789,4884
ΑΘΗΝΧΑΛΚ,38.4149578,23.6031214,4887
ΑΘΗΝΧΑΛΚ,38.4152268,23.6027695,4890
ΑΘΗΝΧΑΛΚ,38.4154824,23.6023575,4893
ΑΘΗΝΧΑΛΚ,38.4157177,23.6019197,4896
ΑΘΗΝΧΑΛΚ,38.4159195,23.6014305,4899
ΑΘΗΝΧΑΛΚ,38.4160607,23.6010099,4902
ΑΘΗΝΧΑΛΚ,38.4161414,23.6006323,4905
ΑΘΗΝΧΑΛΚ,38.4162087,23.6001259,4908
ΑΘΗΝΧΑΛΚ,38.4162423,23.5996967,4911
ΑΘΗΝΧΑΛΚ,38.4162557,23.5991817,4914
ΑΘΗΝΧΑΛΚ,38.4162356,23.5987011,4917
ΑΘΗΝΧΑΛΚ,38.416175,23.5982805,4920
ΑΘΗΝΧΑΛΚ,38.4160607,23.5976883,4923
ΑΘΗΝΧΑΛΚ,38.4159329,23.597242,4926
ΑΘΗΝΧΑΛΚ,38.4157581,23.5967871,4929
ΑΘΗΝΧΑΛΚ,38.4155563,23.5963064,4932
ΑΘΗΝΧΑΛΚ,38.4154487,23.5959803,4935
ΑΘΗΝΧΑΛΚ,38.4153008,23.5954309,4938
ΑΘΗΝΧΑΛΚ,38.4152335,23.5949675,4941
ΑΘΗΝΧΑΛΚ,38.4152134,23.594607,4944
ΑΘΗΝΧΑΛΚ,38.4152335,23.5942379,4947
ΑΘΗΝΧΑΛΚ,38.4152806,23.5938002,4950
ΑΘΗΝΧΑΛΚ,38.415368,23.5932852,4953
ΑΘΗΝΧΑΛΚ,38.4155429,23.5927616,4956
ΑΘΗΝΧΑΛΚ,38.4156639,23.5924698,4959
ΑΘΗΝΧΑΛΚ,38.4158791,23.592075,4962
ΑΘΗΝΧΑΛΚ,38.4160338,23.591826,4965
ΑΘΗΝΧΑΛΚ,38.4162692,23.5915342,4968
ΑΘΗΝΧΑΛΚ,38.4165257,23.5912523,4971
ΑΘΗΝΧΑΛΚ,38.4167399,23.5910965,4974
ΑΘΗΝΧΑΛΚ,38.4170224,23.5908905,4977
ΑΘΗΝΧΑΛΚ,38.4173654,23.5907102,4980
ΑΘΗΝΧΑΛΚ,38.417715,23.5905815,4983
ΑΘΗΝΧΑΛΚ,38.4179302,23.59053,4986
ΑΘΗΝΧΑΛΚ,38.4181656,23.5905043,4989
ΑΘΗΝΧΑΛΚ,38.4183741,23.5904871,4992
ΑΘΗΝΧΑΛΚ,38.4187641,23.5904957,4995
ΑΘΗΝΧΑΛΚ,38.4192886,23.5905043,4998
ΑΘΗΝΧΑΛΚ,38.4195711,23.5905214,5001
ΑΘΗΝΧΑΛΚ,38.4202166,23.5905472,5004
ΑΘΗΝΧΑΛΚ,38.420795,23.5905472,5007
ΑΘΗΝΧΑΛΚ,38.4212321,23.5905128,5010
ΑΘΗΝΧΑΛΚ,38.4217095,23.5904442,5013
ΑΘΗΝΧΑΛΚ,38.4221802,23.5903498,5016
ΑΘΗΝΧΑΛΚ,38.4225837,23.5902553,5019
ΑΘΗΝΧΑΛΚ,38.4231956,23.5901009,5022
ΑΘΗΝΧΑΛΚ,38.4238142,23.5899635,5025
ΑΘΗΝΧΑΛΚ,38.424406,23.5898691,5028
ΑΘΗΝΧΑΛΚ,38.4250044,23.5898434,5031
ΑΘΗΝΧΑΛΚ,38.4254011,23.5898434,5034
ΑΘΗΝΧΑΛΚ,38.4258517,23.5898777,5037
ΑΘΗΝΧΑΛΚ,38.4262618,23.5899206,5040
ΑΘΗΝΧΑΛΚ,38.4266922,23.590015,5043
ΑΘΗΝΧΑΛΚ,38.4271696,23.5901352,5046
ΑΘΗΝΧΑΛΚ,38.427889,23.5903583,5049
ΑΘΗΝΧΑΛΚ,38.4286085,23.5905643,5052
ΑΘΗΝΧΑΛΚ,38.4296574,23.5908991,5055
ΑΘΗΝΧΑΛΚ,38.430397,23.5911137,5058
ΑΘΗΝΧΑΛΚ,38.4312442,23.5913711,5061
ΑΘΗΝΧΑΛΚ,38.4319838,23.5916115,5064
ΑΘΗΝΧΑΛΚ,38.4325149,23.5917574,5067
ΑΘΗΝΧΑΛΚ,38.4331335,23.5918947,5070
ΑΘΗΝΧΑΛΚ,38.4336646,23.5920149,5073
ΑΘΗΝΧΑΛΚ,38.4343302,23.5921179,5076
ΑΘΗΝΧΑΛΚ,38.434774,23.5921694,5079
ΑΘΗΝΧΑΛΚ,38.435527,23.592238,5082
ΑΘΗΝΧΑΛΚ,38.4360312,23.5922552,5085
ΑΘΗΝΧΑΛΚ,38.4365758,23.5922724,5088
ΑΘΗΝΧΑΛΚ,38.4369388,23.5922981,5091
ΑΘΗΝΧΑΛΚ,38.4372346,23.5923324,5094
ΑΘΗΝΧΑΛΚ,38.4375237,23.5923839,5097
ΑΘΗΝΧΑΛΚ,38.4378145,23.5924623,5100
ΑΘΗΝΧΑΛΚ,38.4381309,23.592568,5103
ΑΘΗΝΧΑΛΚ,38.438525,23.5927074,5106
ΑΘΗΝΧΑΛΚ,38.4388465,23.5928265,5109
ΑΘΗΝΧΑΛΚ,38.4392318,23.5929622,5112
ΑΘΗΝΧΑΛΚ,38.4395679,23.5930315,5115
ΑΘΗΝΧΑΛΚ,38.439862,23.5930486,5118
ΑΘΗΝΧΑΛΚ,38.440236,23.5930319,5121
ΑΘΗΝΧΑΛΚ,38.4405473,23.5929756,5124
ΑΘΗΝΧΑΛΚ,38.4409301,23.5928523,5127
ΑΘΗΝΧΑΛΚ,38.4412284,23.5927252,5130
ΑΘΗΝΧΑΛΚ,38.4415036,23.5925728,5133
ΑΘΗΝΧΑΛΚ,38.4417658,23.5923839,5136
ΑΘΗΝΧΑΛΚ,38.4420709,23.5921243,5139
ΑΘΗΝΧΑΛΚ,38.4423314,23.5918271,5142
ΑΘΗΝΧΑΛΚ,38.4425356,23.5915798,5145
ΑΘΗΝΧΑΛΚ,38.4427608,23.5912081,5148
ΑΘΗΝΧΑΛΚ,38.4430162,23.5907703,5151
ΑΘΗΝΧΑΛΚ,38.4433994,23.5900494,5154
ΑΘΗΝΧΑΛΚ,38.4437826,23.5893026,5157
ΑΘΗΝΧΑΛΚ,38.4441389,23.588616,5160
ΑΘΗΝΧΑΛΚ,38.4443876,23.5881525,5163
ΑΘΗΝΧΑΛΚ,38.444596,23.5877663,5166
ΑΘΗΝΧΑΛΚ,38.4447371,23.5874487,5169
ΑΘΗΝΧΑΛΚ,38.4448716,23.587071,5172
ΑΘΗΝΧΑΛΚ,38.4449791,23.5866934,5175
ΑΘΗΝΧΑΛΚ,38.4450665,23.58635,5178
ΑΘΗΝΧΑΛΚ,38.4451405,23.5858866,5181
ΑΘΗΝΧΑΛΚ,38.445201,23.5854832,5184
ΑΘΗΝΧΑΛΚ,38.4453287,23.5845133,5187
ΑΘΗΝΧΑΛΚ,38.4454363,23.5837837,5190
ΑΘΗΝΧΑΛΚ,38.44549,23.5835176,5193
ΑΘΗΝΧΑΛΚ,38.4455909,23.58314,5196
ΑΘΗΝΧΑΛΚ,38.445732,23.5827452,5199
ΑΘΗΝΧΑΛΚ,38.445853,23.5824533,5202
ΑΘΗΝΧΑΛΚ,38.4461287,23.5818869,5205
ΑΘΗΝΧΑΛΚ,38.4463707,23.581432,5208
ΑΘΗΝΧΑΛΚ,38.446579,23.5809942,5211
ΑΘΗΝΧΑΛΚ,38.4467135,23.5806852,5214
ΑΘΗΝΧΑΛΚ,38.4468278,23.5803333,5217
ΑΘΗΝΧΑΛΚ,38.4469017,23.5799471,5220
ΑΘΗΝΧΑΛΚ,38.446942,23.5796123,5223
ΑΘΗΝΧΑΛΚ,38.446942,23.579166,5226
ΑΘΗΝΧΑΛΚ,38.4468815,23.578651,5229
ΑΘΗΝΧΑΛΚ,38.4467807,23.5781961,5232
ΑΘΗΝΧΑΛΚ,38.446579,23.5776297,5235
ΑΘΗΝΧΑΛΚ,38.4463102,23.5769516,5238
ΑΘΗΝΧΑΛΚ,38.4460211,23.5761019,5241
ΑΘΗΝΧΑΛΚ,38.445927,23.5757328,5244
ΑΘΗΝΧΑΛΚ,38.4455842,23.5739303,5247
ΑΘΗΝΧΑΛΚ,38.4454497,23.5732609,5250
ΑΘΗΝΧΑΛΚ,38.4454295,23.5725571,5253
ΑΘΗΝΧΑΛΚ,38.4455169,23.5718962,5256
ΑΘΗΝΧΑΛΚ,38.4456447,23.5714155,5259
ΑΘΗΝΧΑΛΚ,38.4458598,23.5709177,5262
ΑΘΗΝΧΑΛΚ,38.446048,23.5706087,5265
ΑΘΗΝΧΑΛΚ,38.446337,23.5702396,5268
ΑΘΗΝΧΑΛΚ,38.446579,23.5699907,5271
ΑΘΗΝΧΑΛΚ,38.4468748,23.569759,5274
ΑΘΗΝΧΑΛΚ,38.4472311,23.5695444,5277
ΑΘΗΝΧΑΛΚ,38.447621,23.5693899,5280
ΑΘΗΝΧΑΛΚ,38.4483066,23.5691667,5283
ΑΘΗΝΧΑΛΚ,38.4488713,23.5689779,5286
ΑΘΗΝΧΑΛΚ,38.4494225,23.5687719,5289
ΑΘΗΝΧΑΛΚ,38.4499094,23.5685865,5292
ΑΘΗΝΧΑΛΚ,38.4502515,23.5684706,5295
ΑΘΗΝΧΑΛΚ,38.4505023,23.5683961,5298
ΑΘΗΝΧΑΛΚ,38.45074,23.5683437,5301
ΑΘΗΝΧΑΛΚ,38.4510059,23.5682995,5304
ΑΘΗΝΧΑΛΚ,38.451302,23.5682788,5307
ΑΘΗΝΧΑΛΚ,38.4516456,23.5682981,5310
ΑΘΗΝΧΑΛΚ,38.4519428,23.5683409,5313
ΑΘΗΝΧΑΛΚ,38.4522379,23.5684196,5316
ΑΘΗΝΧΑΛΚ,38.4525642,23.5685313,5319
ΑΘΗΝΧΑΛΚ,38.4529047,23.5686928,5322
ΑΘΗΝΧΑΛΚ,38.4533186,23.5689522,5325
ΑΘΗΝΧΑΛΚ,38.4536179,23.569144,5328
ΑΘΗΝΧΑΛΚ,38.4540275,23.5694049,5331
ΑΘΗΝΧΑΛΚ,38.4542814,23.5695567,5334
ΑΘΗΝΧΑΛΚ,38.4544889,23.5696588,5337
ΑΘΗΝΧΑΛΚ,38.4547191,23.5697581,5340
ΑΘΗΝΧΑΛΚ,38.4549504,23.5698382,5343
ΑΘΗΝΧΑΛΚ,38.4552313,23.5699154,5346
ΑΘΗΝΧΑΛΚ,38.4554529,23.5699541,5349
ΑΘΗΝΧΑΛΚ,38.4558149,23.5699969,5352
ΑΘΗΝΧΑΛΚ,38.4560818,23.5700189,5355
ΑΘΗΝΧΑΛΚ,38.4567615,23.5700755,5358
ΑΘΗΝΧΑΛΚ,38.4572337,23.5701211,5361
ΑΘΗΝΧΑΛΚ,38.457479,23.5701666,5364
ΑΘΗΝΧΑΛΚ,38.457773,23.5702508,5367
ΑΘΗΝΧΑΛΚ,38.4580161,23.5703488,5370
ΑΘΗΝΧΑΛΚ,38.4583306,23.5705088,5373
ΑΘΗΝΧΑΛΚ,38.4585467,23.5706468,5376
ΑΘΗΝΧΑΛΚ,38.4587596,23.5708069,5379
ΑΘΗΝΧΑΛΚ,38.4590038,23.571018,5382
ΑΘΗΝΧΑΛΚ,38.4594749,23.5714624,5385
ΑΘΗΝΧΑΛΚ,38.4600973,23.5720475,5388
ΑΘΗΝΧΑΛΚ,38.4606106,23.5725346,5391
ΑΘΗΝΧΑΛΚ,38.461072,23.5729762,5394
ΑΘΗΝΧΑΛΚ,38.461595,23.5734647,5397
ΑΘΗΝΧΑΛΚ,38.4622249,23.5740581,5400
ΑΘΗΝΧΑΛΚ,38.4624767,23.5743024,5403
ΑΘΗΝΧΑΛΚ,38.4626247,23.5744749,5406
ΑΘΗΝΧΑΛΚ,38.462816,23.574715,5409
ΑΘΗΝΧΑΛΚ,38.4629064,23.5748389,5412
ΑΘΗΝΧΑΛΚ,38.4629064,23.5748389,5415
ΑΘΗΝΧΑΛΚ,38.4631229,23.5751359,5418
ΑΘΗΝΧΑΛΚ,38.4633239,23.5754491,5421
ΑΘΗΝΧΑΛΚ,38.4634686,23.575732,5424
ΑΘΗΝΧΑΛΚ,38.4635702,23.5759763,5427
ΑΘΗΝΧΑΛΚ,38.4636664,23.5762675,5430
ΑΘΗΝΧΑΛΚ,38.4637355,23.5765448,5433
ΑΘΗΝΧΑΛΚ,38.4637993,23.5769105,5436
ΑΘΗΝΧΑΛΚ,38.4638403,23.5772307,5439
ΑΘΗΝΧΑΛΚ,38.4638576,23.5775108,5442
ΑΘΗΝΧΑΛΚ,38.4638576,23.5778268,5445
ΑΘΗΝΧΑΛΚ,38.4638447,23.5780697,5448
ΑΘΗΝΧΑΛΚ,38.4638133,23.5784616,5451
ΑΘΗΝΧΑΛΚ,38.4637463,23.5793407,5454
ΑΘΗΝΧΑΛΚ,38.4636718,23.5802169,5457
ΑΘΗΝΧΑΛΚ,38.4636318,23.5807717,5460
ΑΘΗΝΧΑΛΚ,38.4636005,23.581027,5463
ΑΘΗΝΧΑΛΚ,38.4635378,23.5813444,5466
ΑΘΗΝΧΑΛΚ,38.4634514,23.5816494,5469
ΑΘΗΝΧΑΛΚ,38.4633282,23.5820661,5472
ΑΘΗΝΧΑΛΚ,38.4632919,23.5821968,5475
ΑΘΗΝΧΑΛΚ,38.463152,23.5827009,5478
ΑΘΗΝΧΑΛΚ,38.4630645,23.5830804,5481
ΑΘΗΝΧΑΛΚ,38.4629684,23.5835441,5484
ΑΘΗΝΧΑΛΚ,38.4628503,23.5841566,5487
ΑΘΗΝΧΑΛΚ,38.4628268,23.5842782,5490
ΑΘΗΝΧΑΛΚ,38.462802,23.5844383,5493
ΑΘΗΝΧΑΛΚ,38.0813356,23.7516229,5496
ΑΘΗΝΧΑΛΚ,38.0810857,23.7510825,5499
ΑΘΗΝΧΑΛΚ,38.0810085,23.7509154,5502
ΑΘΗΝΧΑΛΚ,38.0809419,23.7507653,5505
ΑΘΗΝΧΑΛΚ,38.0808816,23.7506133,5508
ΑΘΗΝΧΑΛΚ,38.0808177,23.7504418,5511
ΑΘΗΝΧΑΛΚ,38.0807609,23.7502782,5514
ΑΘΗΝΧΑΛΚ,38.0807061,23.7500996,5517
ΑΘΗΝΧΑΛΚ,38.0806502,23.7498991,5520
ΑΘΗΝΧΑΛΚ,38.0806012,23.7496991,5523
ΑΘΗΝΧΑΛΚ,38.0805612,23.7495172,5526
ΑΘΗΝΧΑΛΚ,38.0805253,23.7493261,5529
ΑΘΗΝΧΑΛΚ,38.0804967,23.7491431,5532
ΑΘΗΝΧΑΛΚ,38.0804658,23.7489055,5535
ΑΘΗΝΧΑΛΚ,38.0804438,23.748701,5538
ΑΘΗΝΧΑΛΚ,38.0804286,23.7484897,5541
ΑΘΗΝΧΑΛΚ,38.0804179,23.7482629,5544
ΑΘΗΝΧΑΛΚ,38.0804092,23.7479968,5547
ΑΘΗΝΧΑΛΚ,38.0803849,23.7470417,5550
ΑΘΗΝΧΑΛΚ,38.0803791,23.7467244,5553
ΑΘΗΝΧΑΛΚ,38.0803572,23.7458911,5556
ΑΘΗΝΧΑΛΚ,38.0803431,23.7452609,5559
ΑΘΗΝΧΑΛΚ,38.0803237,23.7444843,5562
ΑΘΗΝΧΑΛΚ,38.0803033,23.7437368,5565
